-0.164270
0.205568
-0.421002
0.870627
0.673800
-0.089961
0.385150
-0.026065
-0.013475
0.020685
0.134542
-0.400931
0.082905
-0.648883
-0.207970
-0.025871
-0.028648
-0.075414
-0.199032
0.198200
0.754828
0.084699
0.403776
-0.107255
0.339872
-0.178493
-0.234247
0.473051
0.194099
-0.235720
0.042846
-0.054883
0.267768
0.130990
0.227570
0.608114
0.229832
-0.427867
-0.616030
0.106953
-0.135683
0.139883
-0.448186
0.270593
-0.437729
0.320394
-0.764447
-0.733421
-0.496314
0.135791
0.129342
0.111940
-0.103658
0.268173
-0.192486
-0.862468
0.687873
0.022188
0.266169
-0.585892
0.169470
-0.042624
-0.730872
0.140393
-0.428333
0.044493
-0.354896
-0.506639
0.247197
0.082642
-0.659702
-0.095143
0.105677
0.199221
0.104598
-0.210946
0.152661
0.580448
0.387551
-0.230923
-0.588555
-0.477631
-0.102342
-0.082669
0.145718
-0.105614
-0.525959
-0.146802
-0.722611
-0.565599
-0.223614
0.511837
0.606118
-0.391120
-0.082389
0.045733
-0.169319
-0.096289
-0.326350
-0.410035
0.326934
-0.481113
-0.142842
0.014801
-0.401241
-0.005989
-0.047187
0.647798
-0.697235
-0.087428
-0.071788
-0.721777
0.391684
-0.385971
-0.321758
-0.718962
-0.797935
0.389590
-0.286387
0.358952
0.339835
0.035166
0.760353
-0.137322
0.156861
0.497459
-0.348250
-0.559404
-0.536136
0.068664
0.077718
0.245560
-0.622055
0.101756
0.172590
0.177057
-0.433492
-0.262162
-0.051122
0.399067
0.384030
0.898111
-0.216634
-0.130043
-0.585673
0.278201
-0.305944
-0.380159
-0.101747
-0.142204
0.732755
0.649949
-0.777314
0.490045
0.447584
-0.387168
0.406971
-0.164839
0.323385
-0.220892
0.145632
-0.172321
-0.055946
-0.122835
0.563755
-0.149250
-0.767620
0.116135
-0.244413
-0.610662
-0.412763
0.425324
-0.374774
0.190135
-0.088807
-0.161768
-0.718352
-0.324969
-0.266874
-0.136112
-0.592236
0.317340
-0.228804
0.474215
0.275693
-0.364625
0.272379
0.043280
-0.430117
-0.161627
0.240531
0.023238
-0.382837
-0.285123
-0.440506
0.043148
0.212404
0.120059
-0.813698
-0.092838
0.094870
-0.110327
-0.253818
-0.676530
0.017079
0.050422
-0.400777
-0.228811
0.050186
-0.209541
0.335919
-0.134213
0.095159
-0.539763
-0.320589
0.638096
0.471510
0.064005
-0.518895
-0.469317
-0.275644
-0.313927
-0.116650
-0.317622
0.237188
0.601799
-0.447893
0.104801
-0.327332
-0.146729
-0.502899
0.950400
-0.116372
-0.399686
-0.049814
0.545488
-0.568192
-0.086956
0.665088
-0.503241
0.117127
0.538164
0.237027
0.110955
-0.256788
-0.219958
-0.550273
0.505171
0.146671
-0.683358
-0.732282
-0.284560
0.174901
-0.152842
0.409212
-0.277541
-0.277654
-0.040712
-0.076067
-0.406640
0.795162
-0.891489
0.213009
-0.825759
-0.110024
-0.161205
-0.358824
0.431247
-0.502658
-0.539420
-0.019216
-0.231582
0.261097
0.086143
-0.115869
0.066111
0.057578
-0.588898
0.146482
0.156527
0.831052
0.277304
0.064088
0.604197
0.286804
0.055237
0.228697
0.691671
-0.134716
-0.815515
0.576283
-0.179293
0.364014
-0.939005
0.000222
0.057807
-0.258282
-0.504193
0.318196
0.111181
0.249396
-0.816243
-0.017021
-0.668160
-0.416454
-0.259927
0.129096
-0.474672
0.515466
0.909437
-0.577930
-0.059127
-0.295110
-0.611393
0.305037
-0.010753
0.277599
0.067156
-0.401804
0.589706
0.593232
-0.037856
-0.071934
-0.516537
0.268648
-0.228857
0.177299
0.235807
0.005363
0.137280
-0.425200
-0.602391
-0.412212
-0.257610
-0.203872
-0.425067
-0.579422
-0.024979
-0.380829
-0.504587
-0.124208
-0.845915
0.070830
0.055944
-0.362057
-0.457331
-0.567443
-0.201862
0.358457
0.016666
-0.244480
0.510175
-0.313343
0.522340
-0.822257
-0.061484
0.440065
0.086638
-0.756284
0.538331
0.250570
0.104971
0.211778
0.565883
0.456628
-0.679877
0.188063
-0.413176
-0.285603
-0.278464
-0.535055
-0.417701
-0.487875
-0.623861
0.526102
0.635260
0.379678
-0.618022
0.160048
0.350516
-0.695415
0.769424
-0.588364
-0.487780
-0.179217
0.025512
0.076713
0.294394
-0.407359
-0.032082
-0.630431
-0.607452
0.581403
0.007635
-0.193568
0.550677
0.420747
0.066870
0.416158
0.038121
-0.082891
-0.528389
0.005726
0.412564
0.487592
-0.371461
0.559103
0.251473
0.054179
-0.766855
-0.029230
-0.069789
0.602568
-0.005817
-0.826578
-0.175676
0.534751
-0.595436
0.137040
0.513950
-0.211644
0.510338
0.147844
0.188674
-0.452789
0.295618
-0.276568
0.511730
0.567909
0.289698
0.464172
-0.409873
0.649650
0.863401
-0.131091
0.165331
0.149157
0.301529
0.969172
0.141901
0.387572
-0.068212
0.746316
-0.058341
0.517149
0.001915
0.247484
-0.282562
-0.192872
0.321969
0.265564
-0.355605
0.227617
0.660045
-0.161226
0.169739
-0.014189
-0.048208
-0.244009
0.368511
0.169338
0.662661
0.060591
0.465384
-0.858236
0.640815
-0.512700
0.522891
0.546593
0.059105
0.136181
-0.149071
0.843880
0.464549
0.384203
-0.020640
0.054152
0.228312
0.143945
-0.269929
0.369373
-0.403960
0.291748
-0.259580
0.059961
-0.352693
-0.285730
0.600136
-0.083259
0.459954
-0.818675
0.042109
-0.097909
0.067597
0.821398
-0.273213
-0.040809
-0.145311
0.408622
0.145678
0.073299
-0.498868
-0.356005
-0.503064
0.022947
-0.643029
0.860696
-0.573363
0.225953
0.781352
-0.137900
0.310965
-0.367193
-0.029185
0.295816
-0.308189
0.475753
0.030349
-0.150570
-0.161373
0.169831
0.119375
0.128500
0.046470
-0.081080
-0.654165
-0.109893
0.080861
0.211812
0.539391
0.705283
-0.009401
-0.231214
-0.130027
-0.153293
0.311254
0.003699
0.249940
0.011510
-0.098911
-0.213882
0.366060
-0.227357
-0.249335
-0.087049
-0.255724
0.342619
-0.559193
0.481529
0.672405
-0.901655
0.120069
-0.421632
0.492628
0.089653
-0.205492
0.290163
-0.253315
0.277615
-0.349586
-0.000398
0.270121
0.166748
0.003800
-0.191472
-0.144771
-0.545393
0.656907
-0.215015
0.003578
0.308221
-0.540880
-0.026847
-0.037299
-0.668881
0.110454
0.048820
0.252723
-0.457428
0.443002
0.093377
0.009401
-0.572106
0.470878
-0.192904
0.724936
0.539637
-0.680539
-0.486841
0.393615
0.170816
-0.131098
-0.918729
-0.061388
-0.377164
-0.581703
0.159522
0.467833
0.484897
-0.084517
-0.040509
0.429645
0.585402
-0.291798
0.111416
0.234242
0.220765
0.180216
0.603886
-0.293134
-0.234451
0.055597
0.446853
-0.139973
0.210408
-0.704879
-0.335120
0.220414
-0.128407
-0.518296
-0.085654
0.581419
0.289323
-0.153512
-0.116366
0.198051
0.793898
-0.267749
0.661307
-0.609376
-0.794331
0.586567
-0.765669
0.485091
0.100820
0.126268
0.206017
-0.056490
0.592844
-0.043192
-0.128286
0.697641
-0.134356
-0.589309
0.495739
0.338666
-0.060079
0.265565
-0.357862
0.223653
0.190021
-0.258204
-0.808319
0.061283
-0.241538
0.011257
0.003043
0.049154
0.466846
0.792663
-0.906461
0.675519
0.062131
0.606751
-0.335153
0.423500
0.038340
0.214871
-0.403330
-0.031483
0.460354
-0.029937
0.049882
0.066805
0.396653
-0.661004
0.532683
-0.180469
-0.246530
0.348339
-0.549098
-0.271731
-0.438420
0.237301
-0.325671
0.725233
-0.061108
-0.027744
0.734905
0.071833
0.174165
-0.043709
0.552605
0.307381
-0.043747
-0.153653
-0.343070
0.023735
0.347578
0.016953
0.430312
-0.010695
0.016257
0.740694
0.251211
0.649830
0.313342
-0.522307
0.160028
0.763530
-0.204227
-0.188807
0.585944
-0.447285
0.111671
0.346556
0.322920
-0.292487
-0.590637
0.190110
-0.091135
0.338844
-0.548649
0.562377
0.395940
-0.016328
-0.551667
0.145707
0.756686
0.348130
-0.021544
0.262460
-0.283701
-0.764980
-0.317545
-0.490370
-0.040394
-0.425275
-0.270124
0.249192
-0.218986
0.084272
-0.091941
0.083705
-0.067948
0.372033
-0.518197
0.068909
0.362131
0.265116
-0.323369
-0.149977
0.312311
-0.299627
0.022014
0.337697
-0.644342
0.155675
0.026890
-0.490186
0.047481
0.415482
-0.156031
0.738875
-0.521262
0.333416
0.022121
0.087232
0.834524
-0.270687
0.881025
0.351850
-0.438245
-0.030375
0.419342
-0.255332
0.882672
0.228155
0.310192
-0.195905
-0.677379
0.537826
0.585982
-0.307736
0.153712
-0.258766
0.036880
0.890649
-0.105259
-0.377832
-0.771301
-0.030366
0.144810
0.754861
-0.235912
-0.283514
-0.363499
0.424202
-0.094593
0.288865
-0.377333
-0.335236
-0.167991
0.223824
-0.600867
0.100264
0.066518
-0.147584
0.304253
-0.439282
-0.574647
0.325219
-0.286821
0.119985
-0.314445
0.163508
0.636065
0.105373
-0.103933
0.057433
-0.031791
-0.007638
-0.821873
-0.393647
0.039527
-0.406964
0.211480
-0.009389
0.753849
-0.032043
0.107744
-0.130349
0.840979
-0.047157
0.227238
0.399374
0.280991
-0.104710
0.726792
-0.247443
0.478053
0.455825
-0.033700
-0.410033
-0.254842
-0.613086
-0.607558
-0.018921
0.505029
0.648936
-0.716542
-0.175673
0.441668
-0.839401
-0.798184
0.096994
-0.027331
-0.739255
0.351421
0.514551
-0.010368
-0.005833
-0.297808
-0.094911
0.554998
-0.077243
-0.158557
0.084274
0.511626
-0.152546
0.295018
-0.758495
-0.293371
-0.479315
-0.587358
0.546747
-0.205534
0.178845
-0.707243
0.177743
-0.598624
0.228857
0.504193
0.004029
-0.372778
0.306377
-0.085235
0.263473
-0.043092
0.643404
0.054489
0.665865
-0.026781
-0.515955
0.017339
-0.230945
-0.681831
0.174543
0.259898
0.280677
0.289288
-0.767509
0.069385
0.339917
-0.213901
-0.084492
0.208262
0.623224
0.539024
0.358388
0.226594
0.617466
0.015348
0.077661
-0.055629
-0.699147
0.454815
0.508639
0.836922
0.219583
0.054201
0.050557
-0.243510
-0.055657
-0.107885
-0.459323
-0.238117
-0.965121
0.129336
0.588163
-0.052829
-0.328594
0.845471
-0.178692
-0.203374
-0.096471
-0.261931
-0.319522
-0.545890
0.277585
0.058345
-0.750161
0.285430
-0.573570
0.379118
0.645757
0.288538
-0.063109
0.135783
-0.630331
0.368706
-0.558230
-0.132147
-0.649174
-0.340703
-0.298264
-0.202943
-0.638253
0.476846
-0.447074
-0.364412
-0.278609
-0.707696
0.884290
0.731430
0.445725
0.816020
-0.728113
-0.231089
0.885423
-0.043102
-0.966215
-0.521256
0.735949
-0.252931
0.325065
0.209448
0.071239
-0.827116
-0.097620
0.702405
0.441474
0.419822
-0.240473
0.309560
-0.086217
0.440074
0.262947
0.327357
-0.013254
0.098095
-0.822453
0.256221
0.865808
0.287192
0.033960
0.220866
-0.085641
-0.647715
-0.771176
-0.111069
-0.252991
0.108968
-0.589659
0.327891
0.567681
-0.330558
-0.127678
0.163286
0.272705
0.600902
0.162915
-0.008245
0.252602
-0.233977
-0.419945
-0.498845
0.556550
0.761052
0.347772
0.436411
-0.284087
-0.653223
-0.510220
-0.120468
-0.349377
0.225286
0.377128
-0.268719
0.335690
-0.321516
-0.322486
0.113008
0.509298
-0.047969
-0.780245
0.504224
0.304321
-0.528107
0.021260
-0.062289
0.471752
-0.574006
0.135423
0.330999
0.230374
0.159417
0.587234
-0.206562
-0.184846
0.461551
0.064316
0.175335
0.677668
0.346473
-0.781820
-0.412367
-0.201568
-0.108288
0.255306
0.022033
0.626435
0.881125
-0.571060
-0.031640
0.324054
0.157651
0.021868
0.182477
-0.333145
0.040783
-0.632955
0.281748
-0.161026
0.174012
0.302036
0.226444
-0.707183
-0.076307
-0.287800
-0.093523
-0.061029
-0.201000
0.289674
-0.235267
0.010530
-0.133508
0.525189
0.023034
0.383138
0.594067
0.351305
-0.061176
0.576075
0.325612
-0.832473
0.229534
0.193541
-0.092748
0.121888
-0.214523
0.384011
0.066627
-0.262181
0.131621
-0.803044
0.226194
-0.305585
-0.285203
0.139767
-0.398089
-0.853715
0.601063
0.482525
-0.046184
0.603158
-0.078471
-0.552977
-0.036240
-0.087422
-0.396715
0.038670
-0.038949
-0.090450
0.384553
0.929594
-0.504730
0.403282
0.101907
-0.903522
-0.126848
-0.231706
-0.031202
0.166023
0.450714
0.830161
-0.226268
0.193507
-0.243588
-0.319948
-0.115988
0.091268
-0.483065
-0.288068
0.081371
0.010663
0.010984
-0.639102
-0.202424
-0.638685
0.339977
0.138548
0.282581
-0.104106
-0.132789
-0.111747
-0.268104
-0.437356
0.531515
0.035064
-0.268129
-0.030310
0.292316
0.240376
-0.757719
-0.557089
-0.200222
-0.265031
0.037215
-0.674699
-0.305938
0.048362
-0.729544
-0.288707
-0.032105
-0.309694
-0.283311
0.403052
0.496009
0.127213
0.704332
0.463303
-0.696363
-0.541032
0.867635
0.520182
0.233353
-0.322736
0.608676
0.150526
0.309208
-0.142262
-0.156881
0.272264
-0.626836
-0.325439
0.291552
-0.385019
0.060722
-0.828552
0.233335
0.020616
0.742850
0.150301
-0.196835
-0.221312
0.512312
-0.373550
-0.785053
0.147046
0.154887
-0.430726
0.255209
-0.073807
0.003851
-0.034687
0.188607
0.011861
-0.365598
0.491278
-0.097195
-0.859251
0.112560
-0.505622
0.113448
-0.417852
0.293915
0.233379
-0.066752
-0.475832
-0.162474
0.342761
0.075468
0.485662
0.815175
-0.075463
-0.164688
-0.597710
-0.099593
0.765121
0.331627
0.063384
0.062858
-0.121098
0.466682
0.014482
-0.330469
0.388063
0.211691
-0.199737
0.462361
0.593411
0.267547
0.147817
0.096687
-0.733325
0.284947
0.015863
-0.493075
-0.029231
0.095861
0.654745
-0.105614
-0.441194
-0.569154
-0.301119
0.031976
0.107279
0.676327
-0.341066
-0.047668
-0.308500
0.273379
0.649774
-0.134196
0.190154
-0.176078
-0.234176
-0.511879
0.149771
0.496891
0.327248
0.152413
0.057785
-0.019751
-0.213933
0.926555
0.553716
0.600866
-0.525008
-0.166475
0.201992
0.329200
0.366285
-0.150279
0.362064
-0.257183
0.164801
0.378905
0.385871
0.482182
-0.015056
-0.092260
0.515174
0.447332
-0.356731
0.017606
0.665675
-0.098059
-0.304967
-0.511296
-0.202379
-0.447449
-0.262873
0.234584
-0.016705
-0.895164
0.102664
0.460403
0.104506
0.020669
-0.112419
-0.356485
-0.174642
0.321834
-0.584121
-0.181178
-0.295849
0.159630
-0.073526
0.286922
-0.285833
0.047555
0.080223
0.160684
-0.199340
0.349580
0.311173
0.326919
-0.238060
-0.669846
0.036286
-0.518459
-0.655154
-0.323513
-0.018860
-0.302979
-0.212060
0.582595
-0.017776
-0.137651
0.252192
-0.699163
0.226987
-0.416561
-0.368055
0.313715
-0.191340
-0.203104
-0.264986
-0.229005
0.546677
-0.395941
0.201370
-0.436850
-0.438025
-0.798255
0.303661
0.169757
0.232124
0.071043
0.342716
0.080984
0.779851
0.169467
0.087363
0.038386
-0.013398
-0.620735
-0.074699
0.034631
0.203844
-0.723475
-0.018543
0.568885
0.005881
-0.041575
0.166595
-0.036339
0.569930
-0.209945
0.160899
0.225150
-0.376360
-0.231748
0.161049
0.601434
-0.217902
0.575315
0.528042
0.389600
-0.140020
-0.057260
0.416446
0.226076
0.422674
-0.106906
-0.171421
0.155873
-0.378090
0.381607
-0.772348
0.879402
-0.437258
-0.538944
0.169156
0.076631
-0.026731
-0.052364
0.191717
-0.198606
-0.876307
-0.089021
-0.477314
0.491437
-0.036911
0.066993
0.251852
-0.213822
-0.884125
0.561887
0.820699
-0.506957
-0.173929
-0.702677
0.519267
0.266285
-0.156904
0.148747
-0.664250
0.349608
0.513163
-0.279380
0.282248
0.346737
-0.259534
-0.315558
0.543503
-0.434770
-0.009554
0.344176
-0.626931
0.426290
-0.860739
0.229725
-0.450907
-0.346405
-0.473088
0.640865
0.370220
-0.195432
-0.675601
0.372388
0.649879
0.098616
-0.001356
0.200559
0.383455
0.239434
0.273382
-0.149826
-0.251151
-0.015191
-0.118268
-0.799521
0.458763
-0.443755
0.199583
0.237704
0.508423
0.287019
0.497742
0.315860
-0.466930
0.068095
0.429940
-0.107236
-0.740695
0.364268
0.812583
0.396231
0.542199
-0.035237
0.072236
-0.688200
-0.283292
-0.801550
-0.375335
0.312600
0.346957
-0.068471
0.475749
-0.746666
0.561259
0.382009
-0.635047
0.567931
-0.615080
-0.178928
0.068863
0.537458
0.697116
0.215379
0.443187
0.216490
-0.749793
0.228910
-0.133581
-0.429283
-0.452044
-0.122683
0.598117
-0.033402
-0.233894
0.324677
-0.042514
-0.857142
-0.123768
0.086196
0.212960
-0.473871
-0.231640
0.553826
0.378206
0.561201
-0.276390
-0.329970
0.346754
-0.041510
0.591503
-0.418282
0.093412
0.703273
0.257659
-0.137250
0.280577
0.232742
-0.098154
0.244336
-0.253149
0.621400
0.179401
0.346027
-0.129350
0.367524
0.533432
-0.104404
0.472355
0.190606
0.139235
0.180112
0.071283
0.377705
0.423863
0.741045
0.263230
-0.410209
-0.252026
0.473618
-0.216000
-0.292356
-0.457381
0.014680
-0.945100
-0.372225
0.421269
-0.194090
0.034577
-0.385781
-0.178669
0.200457
-0.691123
0.127661
0.077384
-0.043065
-0.774380
0.391258
-0.924622
-0.223599
-0.814226
0.070244
-0.397753
-0.387117
-0.035622
-0.835017
-0.094207
0.199472
0.176580
0.003386
-0.277772
-0.190697
-0.841206
-0.120782
0.140190
-0.511418
0.251655
0.725711
0.291580
-0.000748
-0.574854
0.416672
-0.169584
-0.044442
0.270732
0.507958
-0.630391
0.708259
0.052950
0.683473
-0.545530
-0.141771
0.125078
0.446953
-0.311433
-0.029929
0.100126
0.567544
-0.110749
0.867093
0.434032
-0.514322
-0.106588
0.208173
0.397642
0.233306
0.174457
-0.182680
-0.084173
-0.034001
-0.481086
0.368534
0.107818
-0.312729
0.108970
-0.448545
-0.550712
0.396909
0.788581
0.392157
-0.751698
-0.227457
-0.455874
0.112689
0.622749
0.284155
-0.641493
0.051964
-0.325073
-0.027068
-0.232396
-0.018426
-0.485918
-0.043861
-0.666975
0.800886
-0.562368
0.072752
0.734324
-0.813581
-0.795426
0.462996
0.440445
0.104168
-0.172764
0.155676
0.007952
0.107467
-0.257102
0.402588
0.142001
-0.351657
-0.145931
0.306807
0.355240
0.360586
-0.071179
-0.048349
-0.511685
0.123871
-0.528482
0.527804
0.324278
0.039708
-0.171089
-0.164446
0.309874
-0.767159
-0.046718
-0.297586
0.272509
0.316619
0.386174
-0.962125
0.431945
-0.398833
0.511652
-0.340798
0.010783
0.237160
-0.080918
0.377499
-0.182129
0.332127
0.197490
-0.150540
-0.032866
0.082825
-0.232772
-0.615837
0.445681
-0.804010
0.770899
0.158762
0.199760
-0.602691
0.219122
-0.032616
0.016016
-0.026657
0.552441
-0.595172
-0.067324
-0.199360
-0.796356
-0.671178
-0.076518
-0.192226
-0.620778
0.136616
0.423416
0.240112
-0.448393
0.064799
0.252114
-0.063368
-0.156383
0.519049
-0.553890
0.261785
-0.847015
-0.135223
-0.595128
-0.002460
0.083795
0.686242
-0.686602
-0.015749
0.185280
0.354420
-0.541777
-0.249185
0.563043
0.528017
-0.535105
0.142992
0.052017
-0.563542
0.164716
-0.538336
-0.391208
-0.553331
-0.273040
0.463037
-0.236642
0.298986
0.576627
-0.568393
0.833621
0.059630
-0.342334
0.001488
-0.283979
0.439402
-0.004512
-0.060392
-0.595708
-0.247551
0.224374
0.798689
-0.564318
-0.130648
0.251931
-0.374996
-0.118310
0.114118
0.026360
-0.192160
-0.037654
-0.308711
0.303425
-0.824371
-0.182809
0.225254
0.151174
-0.562592
0.262082
-0.124483
0.148160
0.277756
0.635685
-0.030114
-0.441831
-0.160815
0.375527
0.291483
0.323581
0.258891
0.862927
0.232077
-0.367693
0.388663
-0.357560
0.498161
-0.035217
0.820680
-0.477682
-0.288405
-0.618663
0.335876
0.137981
0.310703
-0.142905
0.380057
-0.233026
-0.457313
0.151859
-0.256934
0.102700
0.459271
-0.381742
-0.046269
-0.245612
-0.546101
-0.279419
0.114573
0.228833
-0.001478
0.248582
-0.929848
0.540712
0.677644
0.185628
-0.704592
0.048444
0.364303
-0.304669
-0.339711
0.532533
-0.227541
-0.445714
0.032633
0.410922
-0.568042
0.302032
-0.222217
0.257878
0.589338
-0.207538
-0.306452
-0.430572
0.229892
-0.331883
-0.605025
-0.066481
0.536698
0.270863
0.367227
0.065150
-0.407466
-0.271969
0.520509
0.424148
0.310326
-0.156808
0.138603
0.415068
0.302503
0.108866
-0.052330
-0.204870
0.294927
-0.045932
-0.591021
0.165468
0.340801
0.565439
-0.201591
-0.119208
-0.568466
-0.267454
-0.012914
0.400937
0.095589
-0.486600
-0.447148
-0.375858
-0.023493
-0.818024
0.487477
0.030049
0.119479
0.534625
0.156066
0.173868
0.588419
0.323447
-0.888041
0.068466
0.562763
-0.257787
0.046106
-0.305299
-0.330860
0.038449
-0.868102
-0.545220
-0.010059
-0.305925
0.078585
0.452198
0.394789
0.317581
-0.113019
0.013229
-0.045101
0.376708
0.279421
-0.537746
0.440326
0.202506
0.881466
0.364656
-0.302560
0.114823
0.413401
0.268601
-0.148606
0.195697
-0.139144
-0.268173
-0.443195
-0.883592
0.387576
0.628024
0.572400
0.559712
-0.063125
-0.574550
-0.129003
-0.083840
0.115999
0.156288
0.240695
0.047405
-0.278317
0.836252
-0.131795
-0.010603
-0.342305
-0.473000
0.575817
0.103985
0.464739
0.096130
0.380961
-0.162249
0.081481
0.125620
0.216232
-0.155735
0.219692
-0.080323
0.343485
0.427005
-0.478640
0.027539
0.142825
-0.875668
0.183593
-0.080509
0.976569
0.077890
-0.347700
0.181612
-0.116884
0.924274
-0.261067
0.296713
-0.643708
0.436406
-0.313719
0.384031
0.183319
0.321252
-0.266074
-0.427914
-0.159923
-0.074322
0.393973
0.190567
-0.890031
-0.162810
0.235470
0.319948
-0.092494
-0.008562
-0.247841
-0.581784
0.454244
-0.532306
0.548441
0.302447
0.600686
0.596568
-0.134453
0.179043
0.485991
-0.073218
-0.129781
-0.304902
-0.055858
0.186780
-0.189344
-0.660187
-0.860757
-0.443299
0.015695
-0.064258
0.188236
-0.016222
0.410020
0.255312
0.182578
-0.243193
-0.388887
-0.112376
0.403284
-0.226738
0.824337
-0.178717
0.664731
0.210792
0.061822
-0.779246
0.775691
0.056941
-0.204554
0.151490
0.542080
0.103911
0.072694
0.638755
-0.314727
0.331507
0.483276
-0.028693
-0.171121
-0.368437
0.440661
0.329593
0.030454
-0.746024
-0.570926
0.599144
0.194454
0.217724
0.524228
0.248036
-0.011866
-0.208809
0.158610
0.196883
0.674393
0.617181
0.537715
-0.624798
0.153570
0.414826
0.659489
0.127749
-0.573132
0.077572
0.429406
0.080668
0.575651
-0.118813
-0.241041
0.120533
0.370395
0.552799
0.717436
0.085832
-0.412562
0.230861
-0.432004
-0.338687
0.422139
0.312358
0.369590
-0.573600
-0.098667
0.024513
-0.611881
0.264544
0.865903
0.401692
-0.032370
0.637393
0.474097
0.512139
0.123893
0.048220
0.019742
-0.758223
0.176869
-0.610487
-0.183271
0.175639
0.541689
0.226433
0.029291
0.224427
-0.629546
-0.276505
0.556460
0.214827
0.023405
0.166574
-0.187254
0.317994
0.038949
0.066128
-0.330722
-0.133823
-0.096381
0.270987
-0.828846
-0.531172
0.070200
-0.447069
-0.602032
0.509777
-0.259334
0.747471
0.585946
-0.380844
-0.177414
-0.127149
0.416309
-0.424383
-0.071975
-0.166075
0.701212
-0.288189
-0.004652
-0.455586
-0.321009
0.443729
-0.226753
0.210607
0.337875
0.772784
0.218243
-0.168929
-0.083029
0.255941
0.454462
-0.240726
-0.280336
0.849240
-0.551211
0.537786
0.079612
0.066005
-0.430810
0.157587
-0.086429
-0.652946
-0.839261
-0.126011
0.423605
-0.007124
0.313244
0.100742
0.515820
-0.136407
-0.128722
0.251267
0.160873
-0.264696
0.554191
-0.018132
0.138697
-0.202032
-0.092105
0.511637
-0.546640
0.292433
-0.446479
0.351788
0.368344
-0.149613
0.116792
0.332191
0.709415
-0.630530
0.826254
-0.243398
-0.049316
0.462313
-0.134599
0.183099
0.562549
0.415533
-0.269192
0.555394
-0.448268
0.141389
-0.037077
-0.106453
0.151320
-0.162903
0.272028
-0.403505
0.069448
0.296748
-0.325907
0.066885
-0.320206
0.191949
0.111283
-0.102290
0.074984
0.004678
0.251016
-0.746334
0.141770
0.285777
0.294430
0.016691
-0.583257
-0.236798
0.940279
-0.210459
-0.172410
-0.424925
-0.765050
0.257118
-0.182394
0.617048
0.111954
-0.337042
-0.265594
0.367332
0.231868
0.152054
0.235790
-0.539419
0.956085
0.152246
0.708688
-0.766053
0.295243
-0.672055
-0.166900
-0.729177
-0.082692
0.596864
0.687173
0.690087
0.197475
-0.201570
-0.152715
0.117278
0.658542
0.535548
0.496350
-0.069223
-0.147350
-0.371952
-0.284624
0.207061
-0.010743
-0.867530
0.715139
0.384604
-0.182777
-0.320365
0.147387
-0.360886
-0.258083
0.755793
-0.237501
0.125647
-0.765198
0.035669
-0.514624
0.728921
0.235955
-0.335953
0.436399
0.273882
-0.310208
-0.929837
0.140369
-0.714720
0.258247
0.048956
0.094560
0.361270
-0.463390
-0.097323
0.479624
0.189998
-0.163156
0.412298
0.304306
-0.144428
0.409502
-0.657549
0.200749
-0.159757
0.220901
0.306278
0.161097
0.152110
0.740022
0.058949
-0.025844
0.327968
0.842797
0.029094
-0.276042
0.017866
0.839271
0.691624
0.096457
0.759801
-0.335739
0.654689
0.301614
-0.329729
-0.236113
0.073286
-0.358271
0.369067
-0.262869
-0.898919
-0.436011
-0.372739
-0.182440
-0.484810
-0.208062
-0.047137
0.792383
0.163600
-0.291403
-0.321539
-0.301226
0.043108
-0.373997
-0.589751
-0.212886
-0.151749
0.627206
-0.402993
-0.122673
0.091147
0.024071
-0.254903
-0.400880
-0.127379
0.277568
-0.235682
0.052205
-0.084212
0.899944
0.162347
-0.093065
-0.100195
-0.054479
0.775317
-0.110447
0.287032
-0.291480
0.447813
-0.403343
-0.197142
0.209013
-0.105943
0.391085
-0.063317
0.415091
-0.168728
0.577431
-0.241123
0.431534
-0.367034
0.078544
0.317037
0.184168
-0.481568
0.000146
0.406483
0.457678
-0.232937
-0.290394
0.437324
0.394170
-0.697812
-0.449266
0.053626
0.002426
-0.068152
-0.732531
0.644808
-0.692127
-0.123200
-0.092588
-0.559013
0.004555
-0.389697
-0.059656
-0.387167
-0.620472
0.428841
0.495028
-0.819582
-0.020869
-0.342899
-0.451504
-0.227042
-0.235471
-0.263339
0.333828
0.125113
-0.214555
0.174045
0.389969
-0.235996
-0.245847
-0.245905
-0.643505
-0.100286
0.079792
0.364072
-0.325824
0.708526
0.553513
0.742416
-0.035413
0.211049
0.000425
0.069579
-0.386817
-0.122103
0.310393
-0.066556
0.309666
-0.582755
-0.258902
0.185507
0.105170
-0.287678
0.256782
0.813769
0.196843
-0.637640
0.261634
0.340212
0.424007
-0.510924
0.173811
0.604599
-0.029183
-0.812006
0.572069
0.192576
0.303950
0.108036
-0.488126
0.193141
-0.458805
-0.155277
0.656569
0.016713
-0.121979
0.551860
0.056876
0.316902
-0.200460
-0.244391
0.241000
0.958450
0.316018
0.062861
0.458134
-0.618686
-0.333850
0.816092
-0.169711
-0.352249
-0.307143
-0.539041
0.116834
0.436641
0.030559
0.052773
0.008236
0.611347
0.126432
0.724026
0.470352
0.118297
-0.346504
0.450340
0.221714
0.333802
-0.465825
-0.030427
0.440814
0.524991
0.160584
-0.158077
0.007745
-0.176220
-0.114879
-0.133831
-0.127984
0.532048
-0.614805
0.120835
-0.062043
-0.752987
-0.302886
-0.306243
0.273247
0.023606
0.354300
-0.587159
0.488516
0.305657
-0.275507
0.136445
-0.267907
0.121978
0.445568
-0.644359
-0.323907
0.318839
-0.124299
-0.655306
0.792519
-0.234137
-0.077922
-0.577421
0.166097
0.124807
0.085731
0.580897
-0.900995
0.110703
-0.533158
0.398698
-0.413124
0.402176
-0.189844
0.705212
-0.003043
0.193609
-0.642935
0.076515
0.135687
-0.371331
-0.023631
0.237049
0.216622
-0.693911
0.642712
-0.452792
0.821652
-0.255868
0.076777
-0.286742
-0.314746
0.639077
0.251082
-0.147965
0.279041
-0.270464
0.556246
-0.423017
-0.041598
0.282841
-0.053096
0.433266
-0.323888
0.330394
0.654931
-0.248247
0.277892
-0.284647
-0.192603
0.284436
0.177138
0.178594
0.119279
-0.321265
-0.096625
-0.147114
0.389105
-0.433925
0.367273
0.227288
0.046531
0.662901
-0.606591
-0.564328
0.123707
-0.019555
-0.593889
0.489384
-0.520474
-0.263867
-0.075299
0.661266
0.254111
-0.084675
-0.011922
0.470487
0.438711
-0.127101
0.420347
-0.318110
-0.046755
0.685394
0.189949
0.178793
-0.316506
-0.201306
-0.508228
0.625173
-0.012600
0.483834
-0.186162
-0.315886
-0.349206
-0.582240
0.073666
0.495617
-0.158843
-0.561399
0.526060
-0.092935
-0.014301
0.135196
0.164944
-0.068050
-0.476298
-0.227180
0.475688
-0.352598
0.137412
0.009901
-0.065399
0.075747
-0.102105
-0.007863
0.437338
0.643827
-0.895768
0.165677
0.274070
-0.962457
-0.019456
-0.217577
-0.003751
-0.113920
0.649165
0.416860
-0.019575
-0.308076
0.148847
-0.243997
0.413061
-0.063521
-0.281660
-0.135507
0.174373
0.044584
-0.176081
-0.166026
-0.127524
0.097844
-0.240535
0.150876
-0.404843
0.637207
-0.473411
0.519910
-0.149512
-0.424062
-0.612797
-0.771675
-0.136623
-0.181624
0.435270
0.459611
0.071577
0.529956
0.225248
0.308519
0.082366
-0.003261
0.334273
-0.214512
-0.016810
0.061509
-0.469037
-0.366981
-0.828240
0.515657
0.734818
-0.209285
-0.428434
0.252571
0.002918
0.255583
-0.092876
-0.245110
-0.422119
0.357707
-0.151292
0.784278
-0.061142
0.000820
0.689422
0.074931
0.101842
-0.367324
-0.358821
0.467565
-0.095107
-0.320819
-0.126284
-0.639482
-0.427280
-0.387407
0.258028
-0.503141
-0.122967
0.588597
0.618452
0.622067
0.028479
-0.275008
-0.188368
-0.510756
0.477673
-0.291824
-0.302543
0.533758
0.002989
0.029795
0.101041
0.239384
-0.494759
0.146349
0.393994
-0.260344
-0.779198
-0.100741
0.229965
0.052064
0.108249
0.165337
0.555478
-0.059620
-0.336620
-0.117359
-0.409446
0.257127
-0.002664
0.343957
0.042675
-0.129195
0.541095
-0.430703
-0.250175
0.421257
0.128251
-0.091510
-0.796157
-0.484211
0.167299
0.766226
0.597397
-0.375531
-0.046345
0.358367
0.490589
0.699215
0.415598
-0.574927
0.399192
0.113225
0.199821
-0.190177
-0.056920
-0.051840
-0.660632
0.076325
0.203350
-0.255366
-0.569768
0.277060
-0.514380
0.493777
0.060679
0.296706
0.601354
0.489824
0.246780
0.667445
0.084730
-0.152236
-0.159256
0.776041
0.780928
0.169212
0.470962
0.632842
-0.341199
0.132537
0.390842
0.256963
-0.002432
0.691200
0.119160
0.805044
0.349832
-0.050124
0.038277
0.296025
-0.022153
0.733782
-0.415942
0.091982
0.916997
0.155142
0.556527
0.197239
0.499473
0.176221
-0.018008
0.047334
-0.390690
0.643856
0.173624
-0.285117
0.112176
-0.645455
0.231912
-0.254753
-0.053570
-0.012299
-0.235406
0.034818
-0.344600
0.373001
-0.177456
0.341113
0.102925
-0.167819
-0.419538
0.521239
0.230587
0.108799
0.529638
0.726280
-0.182058
0.274703
0.457101
0.100793
0.791192
-0.858473
-0.218008
-0.142040
0.439538
-0.158407
0.297513
0.243181
0.219374
-0.904708
-0.057240
-0.108479
0.419531
0.757635
-0.942356
0.472808
0.208800
-0.188027
-0.658167
-0.291814
0.460507
0.036506
0.011372
0.126549
0.257190
-0.392240
-0.589237
-0.750988
0.522088
0.429461
0.237641
0.189199
-0.192600
0.374115
-0.516868
0.073244
0.174954
0.605198
0.179308
-0.389644
-0.084232
-0.580675
0.024113
-0.097284
-0.622283
0.292430
0.177872
-0.407186
-0.345148
-0.162552
0.433146
-0.530430
0.006360
0.024070
-0.248466
-0.368884
-0.288205
-0.566619
0.017707
-0.297011
0.595242
0.239714
-0.512772
0.506318
-0.446164
-0.115708
0.778428
0.169224
-0.442717
-0.092536
-0.638255
0.527204
-0.029059
0.119255
0.621410
-0.259967
0.940676
-0.219454
0.260301
-0.499883
-0.079762
-0.670264
-0.225101
0.054772
0.159711
-0.577996
0.115636
-0.036559
0.297078
0.120808
0.306306
-0.248245
0.106571
0.311318
0.421899
0.776931
-0.685548
-0.272416
0.160989
0.404442
-0.191979
-0.074012
-0.085838
-0.504099
0.047588
-0.574576
-0.229811
-0.753776
0.367983
-0.663175
-0.407599
-0.307729
-0.254825
-0.789464
0.644953
0.480358
0.181055
0.127358
-0.466179
0.243379
-0.324856
-0.219967
-0.257726
-0.032551
-0.310239
-0.166708
0.012099
0.924401
-0.069115
0.628599
-0.291719
-0.035231
0.542890
0.757404
-0.281939
-0.895663
-0.711074
-0.576887
0.117839
0.414457
-0.043645
-0.336594
-0.532241
-0.053166
0.385030
0.445374
0.496144
0.159805
0.628720
-0.128789
0.070040
-0.544245
-0.255864
0.716848
-0.315422
0.228378
-0.725781
0.326481
0.368343
0.057204
-0.622657
-0.883506
0.053173
0.436184
-0.449373
0.302405
0.050472
-0.621647
-0.060834
0.332282
-0.069786
0.365359
-0.049357
-0.164654
0.067663
0.207866
0.594890
-0.307150
-0.629707
0.187299
-0.087138
0.663186
-0.004496
-0.356074
-0.331827
0.372136
-0.336796
0.160969
0.056457
-0.137449
-0.151703
-0.501252
-0.027165
0.732995
0.374196
0.763255
-0.055329
0.103538
0.335852
-0.425016
0.110950
0.528136
-0.121322
-0.646518
-0.093107
0.230761
0.183917
-0.070791
0.657495
0.595087
-0.584191
-0.244459
-0.325398
0.785970
-0.764779
0.317232
-0.137494
0.397340
-0.042219
0.016295
-0.462395
-0.684084
0.176777
-0.409948
0.702680
-0.257400
-0.061704
-0.227340
-0.281395
0.647822
-0.396038
-0.478444
-0.491165
-0.018020
0.251092
0.469209
0.437532
0.040476
-0.332270
0.062977
0.308204
0.000598
-0.468500
0.167965
0.410215
0.087386
0.457166
0.061975
-0.031688
-0.387515
-0.216561
0.391545
-0.028376
-0.027767
-0.162124
-0.335210
-0.458088
0.363928
-0.736691
0.805581
0.183635
0.509912
0.912268
0.008657
0.605486
-0.605735
0.689326
0.397427
0.292097
-0.264565
0.314074
0.011575
0.216977
0.688921
0.005649
0.070367
-0.634705
-0.428201
-0.668804
-0.037392
-0.112938
-0.080252
-0.865912
0.658462
-0.890707
-0.441794
-0.412304
0.137344
0.223023
0.219391
0.381653
-0.144012
-0.647794
-0.041131
-0.261368
0.277329
-0.337723
0.318165
-0.446203
0.140102
-0.620874
0.053290
0.090624
-0.340063
0.563330
0.037081
-0.244945
0.367809
-0.534750
-0.016952
-0.273596
-0.349832
-0.102223
0.208447
-0.782410
0.813502
0.214029
-0.183551
-0.399648
-0.403244
0.375740
0.229919
0.277350
-0.355745
-0.005282
0.075467
-0.101120
0.652248
-0.542370
0.173086
0.051613
0.777555
-0.240398
0.469038
0.420221
-0.065767
0.310226
0.421872
-0.347185
0.002736
0.594973
-0.865925
-0.064432
0.090191
0.443872
0.389056
-0.072773
-0.738468
0.160701
0.020547
0.454015
-0.204660
0.164261
0.443653
-0.224178
-0.841329
0.054344
-0.015557
-0.410282
0.192004
0.018815
-0.122215
-0.042532
-0.372527
0.540444
0.062847
-0.032941
0.103462
0.202149
-0.111815
-0.079970
0.143332
-0.150103
-0.423627
0.202146
-0.644449
0.130769
-0.179195
0.086983
0.693461
-0.002017
-0.359632
-0.095103
0.031714
0.389957
-0.928639
0.617483
-0.317353
0.251922
0.331686
-0.514730
0.073053
-0.335700
-0.115912
0.221154
-0.540706
0.555511
0.519655
-0.291594
0.838878
0.672530
-0.188939
-0.168897
0.446702
0.248661
-0.656445
-0.507661
-0.558525
-0.675124
-0.136834
-0.377563
-0.350119
-0.104020
-0.283613
-0.465557
-0.785208
-0.021981
0.163405
0.018495
-0.236229
-0.052016
0.187544
0.060933
0.233089
-0.554442
0.954749
-0.241022
0.019367
-0.724711
-0.014200
-0.303602
-0.125202
0.459876
0.808864
0.123896
0.309218
0.156372
0.181499
0.353109
-0.045022
-0.024083
-0.033923
0.518330
0.430197
-0.050883
-0.078379
0.205033
-0.031429
0.003977
-0.338906
-0.046916
0.180757
-0.570966
0.615007
0.240347
0.172503
0.059821
0.128575
0.261452
0.460879
-0.340396
-0.573549
0.160741
-0.326287
0.236861
-0.551245
-0.195050
-0.670180
-0.447297
-0.420229
-0.681647
0.337785
-0.440228
0.149829
-0.058499
0.076337
0.259890
0.273602
0.520376
-0.183533
0.047841
0.174550
-0.154949
0.211693
0.913381
0.291727
0.304042
0.258959
-0.830260
0.299180
-0.968295
0.669951
0.253261
0.217601
0.052992
-0.562550
-0.327667
0.634676
0.248258
0.182087
0.670118
-0.670923
0.394302
0.393320
0.739264
-0.679901
-0.813124
0.377753
-0.092250
0.090733
-0.609995
0.352733
-0.050789
-0.140279
0.434763
0.086511
-0.394886
-0.159458
-0.105666
0.336037
0.228021
0.105581
0.224976
0.651419
0.643644
0.403556
0.750619
-0.313942
-0.078780
0.126827
0.258837
-0.644152
0.054347
0.857277
0.007179
-0.118620
-0.369422
0.884674
-0.564332
0.142272
-0.077417
0.584220
0.514690
-0.159385
0.026298
-0.718313
0.308957
-0.013843
-0.859825
-0.433509
0.614994
-0.051214
0.848543
-0.382812
0.493329
0.317087
-0.296473
-0.546811
-0.237117
0.080832
0.479642
-0.455872
0.146840
0.599600
-0.049212
0.305115
0.032253
0.437934
-0.136761
-0.007194
-0.069206
-0.209363
-0.624936
0.576880
-0.365594
0.343211
-0.510341
0.222781
0.102718
0.586577
-0.448154
0.039922
0.323912
-0.317898
-0.165927
-0.249744
0.456544
-0.595032
-0.160961
0.441621
0.169337
-0.633840
-0.102025
-0.565010
-0.162003
-0.174326
0.270194
-0.229378
-0.003189
0.344849
0.113621
0.281105
0.186773
0.069558
0.858023
-0.374970
-0.235939
-0.475715
0.605506
-0.367571
0.281249
0.487795
-0.061185
-0.164111
-0.153761
-0.105686
0.042300
0.368618
0.151035
0.073958
-0.462973
-0.647043
-0.372855
0.014756
0.229713
0.774062
0.172381
0.722216
-0.051255
-0.679105
0.335282
0.641032
-0.229360
0.539280
-0.550858
0.541737
-0.833257
0.074335
-0.101788
0.454936
0.264165
-0.348760
0.579753
0.138376
-0.135730
0.171248
-0.744966
0.104420
0.877771
-0.032084
0.026507
-0.253722
0.575359
0.418335
0.388731
0.096340
0.553359
0.034798
-0.044459
-0.137867
-0.730587
-0.013352
0.286829
-0.051186
-0.031123
0.122958
-0.328116
0.313339
0.480053
0.016467
0.397479
-0.075340
0.285847
-0.635728
-0.284997
0.024729
0.232309
-0.138174
0.563370
0.231755
-0.060294
0.336009
0.220054
0.769591
0.168654
0.857202
-0.545230
0.012852
0.098876
0.267461
-0.196611
-0.223347
-0.368733
0.439054
-0.011951
0.307924
-0.029868
0.471805
0.407036
0.465080
0.679361
0.864366
0.236578
-0.348808
0.379899
-0.292554
-0.322836
0.235046
-0.242994
-0.310344
0.236696
-0.660185
-0.039468
-0.397868
-0.227375
-0.098933
0.350708
-0.390562
-0.461823
-0.575828
0.069490
-0.174446
-0.049407
0.271207
0.151191
-0.130237
0.637012
-0.275035
-0.785141
0.949392
0.129135
-0.113192
-0.840203
-0.181356
0.310217
0.122124
0.197483
-0.474063
0.611064
-0.904857
-0.156836
-0.585847
-0.051620
0.091724
0.466347
0.385361
0.112758
-0.462202
0.169887
-0.500855
-0.805577
-0.329200
0.240582
0.028928
0.067846
0.518275
-0.568407
0.380239
-0.816009
-0.559246
-0.079348
0.686061
-0.225085
-0.585790
-0.205237
0.652617
0.051046
0.069757
-0.039822
0.117246
-0.599090
-0.316395
-0.809957
0.691037
-0.351666
-0.230747
-0.237632
-0.061429
0.274721
-0.415431
0.278158
-0.125191
0.046807
0.552212
0.487268
0.059868
0.676033
0.405818
-0.075295
-0.210660
-0.597614
0.046020
0.798619
-0.157548
0.092726
0.502076
-0.307980
-0.158071
-0.421310
0.387560
-0.246824
-0.652546
-0.376972
0.191913
0.207481
0.409348
-0.230264
0.714552
-0.071544
-0.544051
0.240341
0.236047
0.256033
-0.029590
0.033251
0.493082
-0.182665
0.734947
0.290961
-0.459677
0.145730
0.674599
-0.266867
0.557391
0.696986
-0.277133
-0.829619
-0.555007
-0.147352
-0.396805
-0.551464
-0.014927
0.073571
0.574218
-0.428481
-0.096292
-0.451942
0.371772
0.215916
0.331940
0.292963
0.308051
0.594998
-0.385964
0.538441
-0.429335
-0.021913
0.132308
-0.189548
0.651548
-0.193891
0.017902
0.432522
-0.484359
-0.224341
-0.381600
0.442340
-0.459182
0.377637
0.132846
-0.392215
-0.746498
0.278904
-0.119412
0.647184
0.033145
0.418872
-0.016027
0.360546
0.176938
-0.344927
-0.747463
0.507733
0.555278
-0.163748
0.250311
-0.211424
0.256965
0.308096
0.636781
0.292356
-0.233181
0.528674
-0.646883
0.644650
-0.260258
0.509017
0.002775
0.363658
-0.282227
-0.335141
0.312166
-0.206681
0.139017
0.387232
0.118139
0.369950
0.009146
-0.027448
0.355985
0.092057
-0.265613
-0.469972
-0.172186
0.752849
-0.044794
0.332636
-0.840446
0.291585
0.538490
0.002751
0.004154
0.070180
-0.363487
-0.813371
0.084664
0.246852
-0.061136
-0.515742
-0.603114
0.472904
0.079911
0.002098
0.004386
0.043619
0.915843
-0.670482
-0.396536
-0.571546
0.039168
-0.459265
0.284738
0.364776
0.530625
0.370100
-0.173837
-0.199007
-0.087513
-0.526210
-0.424903
-0.649900
-0.352411
0.657974
-0.197660
-0.250627
0.330312
0.000495
0.166836
0.098942
0.534166
0.357969
0.050924
0.186123
0.724809
-0.149692
0.014532
-0.076175
0.422528
0.024806
-0.191133
-0.848512
-0.753997
-0.456469
0.093968
0.672687
0.043227
-0.427389
-0.249600
0.172096
-0.369451
-0.133436
0.509796
0.489333
0.200729
0.212793
-0.144421
-0.206650
0.072692
0.628348
0.175848
0.478537
-0.003787
0.300048
0.053611
0.611818
-0.292480
-0.119615
0.664987
0.258512
-0.395127
0.424950
0.254932
0.849895
-0.232277
0.720620
-0.282090
-0.031273
-0.378894
-0.351697
-0.146867
0.741129
-0.257980
-0.984657
-0.312667
-0.584410
0.320568
-0.025970
-0.398441
0.846472
-0.065339
0.560494
-0.016440
-0.183260
-0.628882
0.366846
0.536418
0.699587
-0.199014
0.159707
0.123563
0.557065
-0.503175
0.355464
0.203348
-0.382739
-0.088515
0.150855
0.198424
0.333093
0.698920
-0.193649
-0.851115
-0.096891
0.608850
0.010133
-0.231215
0.756367
0.539065
0.135810
-0.421564
0.439360
0.255091
0.404619
0.519868
0.619485
-0.847106
0.300885
-0.454715
0.154483
0.475892
-0.101175
-0.147526
-0.106928
-0.666375
-0.373576
0.003733
0.460633
-0.099964
-0.123552
-0.904015
-0.707450
0.609370
-0.053521
0.356660
0.409231
0.209072
-0.190420
-0.113984
-0.153460
0.379906
-0.237027
-0.587602
-0.396930
0.447850
-0.046435
0.118770
-0.433308
0.122149
-0.426226
-0.505545
-0.123472
0.356938
0.402441
-0.056518
0.056989
0.354696
-0.676239
0.349425
0.249016
-0.163520
-0.226755
-0.365225
-0.165350
-0.493551
0.221586
0.301702
0.734686
0.302901
0.633845
-0.655086
-0.742238
0.086606
-0.544378
-0.078629
0.945685
-0.355857
-0.467450
0.759918
0.522674
-0.179139
-0.920839
-0.277293
-0.840154
-0.221986
-0.120467
0.705254
0.563516
-0.079254
0.054058
-0.294951
0.102490
-0.959694
-0.727502
-0.236778
0.451381
-0.045614
0.158852
0.229365
0.685191
0.249242
0.402889
-0.064243
0.444064
-0.039475
0.520207
0.257929
-0.321674
0.107690
-0.254821
0.390348
-0.526923
0.610359
-0.196563
-0.002299
-0.353386
-0.115932
0.085399
0.349660
-0.454668
-0.028975
-0.259358
0.196442
0.172146
0.263846
-0.034495
0.047973
-0.664633
-0.520454
-0.765871
-0.588461
-0.186298
-0.298783
0.673057
0.119985
-0.364528
0.317631
0.066524
-0.729872
-0.529102
-0.489722
-0.485996
0.308432
-0.030912
0.432215
0.486102
-0.132497
-0.577405
-0.245710
-0.109844
0.025306
-0.308283
-0.130148
-0.230795
-0.874979
0.251676
0.334180
0.371918
-0.353428
-0.394917
0.808580
-0.415964
0.610789
-0.149552
0.202627
0.148519
-0.518539
-0.610155
0.723534
0.165997
0.680444
0.010042
-0.465015
-0.614317
0.570493
0.279959
-0.335397
-0.164980
-0.124100
0.179259
-0.787647
0.448264
0.004597
0.175423
-0.302013
0.266073
-0.348693
-0.051226
-0.002745
0.818724
-0.045012
0.522940
-0.728782
0.387437
-0.913539
0.160930
-0.213823
0.036788
-0.561434
-0.037171
0.322257
-0.155987
0.236632
-0.054267
0.380468
-0.352822
0.222373
0.192090
-0.351097
-0.153890
-0.414305
0.460699
0.318621
0.687493
-0.151523
0.304834
-0.377898
0.206053
-0.368995
-0.051273
-0.337229
0.677895
0.678046
-0.275358
-0.558514
-0.603224
-0.319562
0.453583
0.407478
0.504649
0.600687
-0.009581
-0.625715
0.862162
-0.643754
0.138802
0.313813
-0.795230
-0.354171
-0.056052
-0.635399
-0.340183
-0.457510
0.563442
-0.510080
0.633712
-0.332726
0.445533
-0.061190
-0.227230
-0.073780
-0.474671
0.250638
0.428652
-0.137053
0.303846
-0.358625
0.764277
0.671142
-0.347521
0.961396
-0.118024
0.495551
-0.473810
-0.098609
0.135604
-0.028897
0.469569
-0.206847
0.464628
0.403566
0.178111
-0.680213
-0.304095
-0.025799
0.017442
-0.672476
-0.001670
-0.535141
0.484298
-0.544095
-0.785861
0.086788
-0.890263
0.172896
-0.554118
-0.596139
0.561282
0.224073
0.514279
0.094985
-0.197344
-0.104504
0.439050
0.549684
0.642211
-0.608597
0.202098
-0.005489
0.411599
0.058320
-0.226993
0.056522
-0.021245
0.254900
0.265664
-0.080174
-0.496415
0.791320
-0.500166
-0.608322
0.473511
-0.048283
-0.144029
-0.435293
-0.338686
-0.084541
0.254473
0.210851
-0.274291
-0.219921
-0.282270
-0.547853
-0.587433
0.550245
0.284190
0.398450
0.173236
-0.064115
0.153359
-0.430001
0.360359
-0.003818
0.216814
-0.073990
-0.172387
0.338659
0.336640
-0.508332
-0.148493
-0.490047
-0.288256
0.134301
0.462877
-0.204690
-0.100979
0.606490
-0.117965
-0.077924
0.316614
-0.183781
-0.832968
0.697861
0.336887
-0.782038
0.423366
0.378437
0.605926
0.727046
0.414099
0.159094
-0.713748
0.036732
0.071843
0.006831
0.138551
0.067003
0.199248
-0.481042
-0.235406
0.091233
0.573543
-0.615464
0.038709
0.338988
-0.009864
-0.342035
-0.298306
0.383554
0.202798
-0.196685
0.386433
-0.330484
0.235206
-0.013567
-0.162408
0.594471
0.094329
-0.313751
0.215640
-0.206897
-0.077077
0.194265
-0.116446
-0.756433
0.141792
0.356227
-0.179546
0.214974
-0.291136
0.218497
-0.800435
0.006299
0.052591
0.090457
0.562458
0.223784
-0.152270
-0.374432
0.180422
-0.075946
-0.085719
0.361505
0.266481
-0.585649
0.427241
0.402691
0.185697
-0.659135
-0.825527
0.058207
-0.401378
0.559266
0.301036
0.104809
-0.345457
-0.417414
0.532957
-0.231786
0.179884
-0.081653
0.625037
-0.290530
-0.081697
-0.636959
-0.472758
0.605804
0.195160
0.057126
0.074731
-0.281115
-0.509826
0.174259
0.074275
0.240728
0.444988
0.618194
0.109590
0.286500
0.231097
0.879441
0.210509
0.014162
0.064068
-0.662297
-0.342113
-0.187101
0.597644
0.354152
-0.545656
0.615344
0.241499
-0.132570
-0.105105
0.353108
-0.608715
-0.507245
-0.478921
0.287838
0.166627
0.280501
-0.120426
-0.720508
-0.379629
-0.079441
0.386729
0.002952
-0.484374
-0.449198
-0.296716
0.187095
0.528624
0.444170
-0.066965
0.000862
0.178561
-0.126716
0.134531
-0.728017
0.174078
-0.773044
0.291049
-0.391775
0.273290
0.097934
-0.054259
0.665234
-0.114796
0.224614
-0.002337
0.716176
0.122625
-0.172835
0.456750
0.214087
0.638241
0.402322
-0.009302
0.517122
-0.429702
0.643321
-0.676054
-0.169226
0.652411
0.198028
0.408406
-0.353533
0.035910
-0.034039
0.388817
-0.048394
-0.043222
-0.298477
-0.310013
-0.358746
-0.173402
-0.117498
0.165068
0.233673
-0.441999
-0.307083
-0.284408
0.128690
0.371079
0.510938
0.080246
0.574913
-0.062683
0.262914
-0.039067
0.106144
-0.115292
0.156856
-0.104691
-0.384082
0.834056
-0.411079
0.238102
0.767430
0.211634
-0.373314
0.642990
0.046097
0.230323
0.068040
-0.591238
-0.482872
0.251991
-0.162217
0.340051
0.148809
-0.331776
-0.161410
0.269417
-0.518322
0.525119
-0.201804
0.077425
0.743801
0.388734
0.012318
-0.523783
0.579312
0.100587
-0.517703
-0.212958
-0.912466
-0.293769
0.247493
0.591339
-0.308396
0.083660
0.439631
0.756626
0.006848
0.136127
0.636507
0.466794
0.356291
-0.100589
-0.413020
0.372814
-0.754689
-0.297217
0.563003
-0.505646
0.175536
-0.063655
-0.010370
-0.620847
0.826831
0.741561
-0.006336
0.506919
-0.375468
0.616568
0.163922
0.025310
0.339629
0.350508
0.626965
0.747523
-0.279457
-0.113244
-0.055559
0.084818
0.173290
0.332891
-0.746066
-0.095464
-0.442768
-0.536873
0.192458
-0.396875
0.359099
0.468693
-0.440805
0.590159
0.375982
0.555797
0.739690
0.527367
-0.535756
-0.116149
0.088616
-0.020859
-0.337672
-0.317402
0.826166
-0.515208
0.152911
-0.083899
-0.341367
-0.206253
-0.144506
0.455822
-0.277849
-0.566310
0.593987
0.110694
-0.468658
0.117992
0.573369
0.285916
-0.057388
-0.298180
-0.472653
-0.548716
-0.318203
0.494606
-0.138083
-0.390049
-0.767678
0.463538
-0.100309
0.215072
-0.242355
0.362762
0.245136
-0.637333
-0.493465
0.186739
0.612389
0.440347
-0.459302
0.122031
-0.690336
0.567844
-0.491247
0.446055
0.310684
0.235244
-0.019632
-0.348792
0.510242
0.156372
0.357907
0.561814
0.741213
-0.052927
-0.082570
0.755151
0.155426
0.160829
-0.525274
-0.201096
-0.549121
0.602993
0.829550
0.481700
0.330682
-0.684747
-0.267539
-0.494209
-0.160438
0.435674
0.017383
-0.726329
-0.026346
0.114215
0.071200
-0.129371
0.649451
0.171425
-0.631127
0.207237
0.745694
-0.569755
-0.573401
-0.212023
-0.010833
-0.159110
0.228522
0.187365
0.342933
0.750489
-0.196065
-0.808008
0.836265
0.223525
-0.178499
-0.519305
0.408770
0.161388
-0.633388
-0.348658
0.497790
-0.494592
-0.124968
-0.538084
0.227018
-0.771409
0.030358
-0.069392
-0.398021
0.698059
0.689538
0.157266
0.288451
0.375755
-0.268750
0.115998
0.612679
0.482538
0.420346
-0.055175
0.900890
0.115312
0.510407
0.815138
0.585758
-0.122635
0.100692
0.230210
-0.035917
0.095516
0.016858
-0.586854
0.187780
0.120187
0.400558
-0.605050
-0.520420
0.060766
-0.417078
0.116640
0.541177
-0.328929
-0.101333
0.639691
-0.222390
-0.425954
0.268977
-0.761054
0.303912
-0.343623
0.109506
0.329372
-0.622361
0.288843
0.538987
-0.540048
0.466331
0.636698
0.216393
-0.157624
-0.108125
0.000709
-0.021307
0.530142
-0.198836
0.275910
0.035657
0.398242
-0.372360
-0.656698
0.338294
0.235384
-0.027514
-0.410598
-0.169638
0.344393
-0.752874
0.269343
0.790062
0.059230
0.353920
-0.068229
-0.272878
0.380201
0.570375
0.624171
-0.542111
0.094648
-0.069802
-0.004596
-0.200530
-0.693606
-0.023649
-0.146384
-0.523811
-0.338755
-0.674670
-0.277994
0.786587
-0.124349
0.574842
-0.379854
-0.827627
-0.129885
-0.841979
-0.093197
-0.047519
-0.606517
0.596039
0.629788
0.452122
-0.065259
-0.004168
-0.164114
-0.174862
0.162482
-0.446940
0.579192
-0.394474
0.139880
-0.149905
-0.873211
-0.468305
0.898562
-0.712143
-0.136053
0.375848
0.358208
0.139599
0.036344
0.309421
0.190180
-0.362304
-0.050392
-0.735055
-0.202391
0.355314
-0.045351
0.425594
-0.021221
0.211330
0.227302
-0.587613
-0.099503
0.275190
-0.176822
-0.440529
-0.527410
0.812564
-0.308220
-0.226880
0.027009
-0.533715
0.066655
0.379964
0.568226
-0.133338
-0.105824
0.456510
0.348958
0.049879
-0.610147
0.352473
-0.394798
0.073208
-0.100820
0.052338
0.402214
-0.359783
0.078535
-0.820622
-0.218433
0.164196
0.631274
0.136329
-0.010260
0.326487
-0.033811
-0.429187
-0.379465
-0.432817
-0.882108
0.024591
-0.615222
0.093613
0.225604
-0.176468
0.028773
0.573458
0.245848
0.245827
-0.127246
0.397108
0.665858
-0.212952
-0.390128
0.440040
0.875612
-0.152653
0.242905
0.015903
0.160341
0.181237
0.257176
-0.567587
-0.839616
-0.001899
0.551083
-0.904366
0.552242
-0.360034
-0.779859
0.143781
-0.837425
-0.799175
0.542941
-0.382813
0.302787
-0.859721
-0.380607
-0.517433
-0.223137
0.482712
-0.070569
0.131557
0.000973
-0.609063
-0.047114
-0.312515
0.519564
0.583894
0.224853
-0.352965
0.183052
0.745977
0.194416
-0.207365
-0.045107
0.158400
0.415155
-0.443399
0.000157
0.056571
-0.506617
-0.116513
0.411407
0.143425
-0.134827
-0.369448
0.931768
-0.923773
0.588696
-0.522292
-0.035660
0.238023
0.367442
-0.592483
0.638576
-0.057635
0.469047
0.107857
-0.020833
-0.701263
-0.285204
-0.186108
0.471759
-0.042827
-0.143061
0.383055
0.569561
0.049396
-0.311835
-0.518166
0.230812
0.319785
0.266449
-0.884700
0.791825
0.596659
0.260485
0.687336
0.164189
0.175455
-0.381251
0.399206
-0.257253
0.530099
0.238751
0.144880
-0.248929
-0.140636
-0.858674
-0.258033
-0.660131
0.185007
0.256949
-0.611076
0.526169
0.409346
0.036547
0.210727
-0.408681
0.046473
0.755514
0.327625
-0.126451
-0.091031
-0.691630
-0.039627
0.732085
0.014630
0.274699
0.605799
-0.468344
0.068512
0.222892
0.126193
0.777876
-0.192398
-0.115162
-0.432454
0.772248
-0.349810
0.491599
-0.181286
0.079501
0.131354
-0.130414
0.381857
-0.120536
-0.003363
-0.306650
-0.189045
-0.521340
0.486757
-0.002195
0.250191
-0.564611
0.325040
-0.286541
0.062350
-0.375368
-0.145449
0.692610
0.539789
0.690936
0.849157
0.897393
-0.131828
-0.336623
-0.488061
0.507137
-0.606697
-0.257673
-0.044037
-0.044811
0.692183
0.175789
-0.683615
-0.911064
-0.173517
-0.185175
-0.479963
0.310966
-0.350807
-0.411160
0.523575
0.767177
-0.667873
0.339211
0.138801
0.003995
0.006839
-0.010058
-0.615225
0.275641
0.094147
-0.115852
0.524404
0.314407
-0.097891
0.126872
-0.525093
-0.682492
-0.709103
0.250280
-0.375859
0.039027
0.402018
-0.461974
-0.232038
-0.391169
0.752339
0.875260
0.678393
-0.381850
-0.032474
0.058996
0.579273
-0.391059
0.234827
-0.001255
-0.564163
-0.176475
-0.600650
0.274815
0.185717
0.596035
0.133734
-0.449431
0.093349
-0.022067
0.286468
-0.359039
-0.381383
-0.345297
0.203136
-0.415710
0.069099
-0.666011
0.097506
-0.395521
0.240242
-0.219549
0.632017
-0.184142
-0.503097
-0.560486
-0.730356
0.670652
0.073211
0.234716
0.268598
-0.136563
0.393309
-0.571471
-0.326430
0.698620
-0.127938
0.009424
-0.075410
0.204009
-0.217369
0.734194
-0.302855
0.492120
-0.419740
-0.239246
-0.301529
-0.608923
-0.646676
-0.425142
-0.834434
0.352962
0.786192
-0.363041
-0.079250
0.015001
-0.066820
0.665345
0.200163
-0.102517
0.400323
-0.085362
0.854558
0.553634
-0.094684
-0.515019
0.555855
-0.283464
0.306090
0.373349
0.679335
0.532832
-0.280815
0.508393
-0.357352
0.214149
-0.387531
0.345355
0.128699
-0.222924
-0.828674
0.367746
0.309801
-0.125540
0.283701
0.049175
-0.310817
-0.100197
0.213793
0.048937
0.142133
-0.009462
0.410205
-0.082499
-0.415270
0.871977
-0.586083
-0.533950
-0.674718
0.287045
-0.340784
0.194805
-0.229592
-0.157768
-0.091599
-0.164978
0.352808
0.459545
0.018423
0.344011
-0.651927
0.352406
0.797901
0.223323
-0.588615
-0.045409
0.516497
0.659488
0.300900
-0.332426
-0.472837
-0.437446
-0.709425
0.116038
-0.363054
0.228683
-0.207192
-0.339797
-0.095265
-0.523102
0.172330
-0.320184
0.229695
0.247365
0.305333
0.872758
-0.615646
0.044746
0.044387
-0.001359
0.654122
-0.580001
0.235113
0.038273
-0.590016
0.590282
-0.503246
-0.266238
-0.256858
-0.259940
0.155651
0.221523
0.469115
0.502152
0.650019
0.898654
-0.131867
0.141706
-0.101194
0.671251
0.508154
-0.256811
0.278331
0.825432
-0.092752
-0.627372
0.070321
-0.311167
-0.087631
-0.135741
0.376287
0.472724
0.143832
0.094701
-0.002818
0.025823
-0.381132
0.460994
0.106001
0.035962
0.253387
-0.672258
0.016115
-0.221954
0.016672
0.264422
0.138613
-0.129767
0.289091
-0.535867
-0.397590
-0.443862
-0.703902
0.149124
-0.140261
-0.533997
-0.179805
-0.612184
0.127989
0.424172
0.314203
-0.126880
0.596004
0.568176
0.286872
-0.408421
0.245241
0.200469
0.267062
0.173607
-0.274067
-0.089011
0.238185
0.499414
0.408478
-0.037858
-0.295025
-0.192549
0.330894
-0.729326
-0.221817
-0.594374
-0.546019
0.685841
-0.563131
0.277891
0.782754
-0.036144
-0.708052
-0.195996
0.424139
-0.516704
-0.480315
-0.033184
-0.196114
-0.501614
-0.473944
0.345854
0.300105
-0.014705
0.525705
-0.652376
0.037787
0.581278
0.966624
0.119647
0.111173
-0.273098
-0.344068
0.420623
-0.055031
0.012674
0.710019
0.282706
-0.127925
-0.003324
0.755748
-0.539640
0.031864
0.069527
-0.028706
-0.577213
0.307509
0.783728
-0.365453
0.193815
-0.212730
0.190482
-0.242026
0.230588
-0.354315
0.297582
0.091319
-0.146571
-0.000039
0.457024
-0.197495
0.076091
0.062537
0.148847
-0.480270
0.130624
0.264539
-0.568810
-0.644716
0.239835
0.465356
0.474075
-0.447542
0.433938
0.024946
-0.045134
0.121581
-0.091067
0.079888
0.734988
-0.800712
0.029732
-0.347037
-0.628751
0.194180
-0.027121
0.196102
0.060836
0.026578
0.625330
-0.118138
0.438432
-0.549838
-0.234641
-0.513497
-0.438063
0.031277
0.102189
-0.281650
0.080185
0.915851
-0.432995
-0.048025
-0.727777
0.062960
0.582893
-0.191325
0.197534
0.322033
0.187441
-0.144694
-0.144566
0.483411
-0.160666
-0.020349
-0.451476
0.118733
0.485182
0.132500
0.627044
-0.516426
-0.048356
-0.441013
-0.017703
-0.777172
-0.086766
0.293746
-0.324838
-0.579398
0.153877
-0.728635
-0.269820
-0.139589
-0.343677
-0.106548
0.168495
-0.722760
-0.833574
-0.354990
0.825519
0.654016
0.229764
-0.301133
0.462457
0.550362
-0.003954
-0.140968
-0.071805
0.471060
-0.049233
0.095010
0.148844
-0.050115
-0.525097
-0.295410
-0.563957
0.195913
-0.000696
0.387856
-0.181907
-0.149827
-0.384964
-0.570864
-0.102199
0.262559
0.375898
-0.340408
-0.020129
0.523600
-0.670630
-0.101161
0.401599
-0.050872
-0.169541
0.412877
0.292702
0.273369
0.121216
-0.271648
0.439391
-0.326958
-0.503624
0.821238
0.434041
0.357993
0.543354
0.467461
0.550384
0.200587
-0.583169
0.323050
0.814253
-0.080346
0.216844
-0.184202
-0.264827
0.754957
0.646587
0.585933
-0.506195
0.055374
-0.860964
0.057839
0.798955
0.448957
0.346696
0.213265
-0.268424
-0.122963
0.130688
0.947014
-0.393074
-0.034840
0.310154
-0.209405
-0.515217
-0.167258
0.280165
-0.053453
0.278143
0.102389
-0.043059
-0.582404
0.014945
-0.870212
0.048815
-0.735034
0.750244
-0.617969
0.696152
0.044052
0.131472
-0.230088
-0.143230
-0.385835
-0.096419
0.507129
0.227904
0.507869
-0.305458
0.104135
-0.002740
0.502871
0.768641
-0.255701
0.565017
-0.341958
0.014697
0.018937
-0.393007
-0.307164
0.245046
0.096332
0.450705
-0.112296
0.085654
-0.064668
-0.161864
0.048218
-0.523850
-0.134985
0.893472
0.579952
-0.325399
-0.124815
0.658987
-0.376061
0.038710
-0.282775
0.113178
0.527908
-0.396635
-0.090060
0.568639
-0.484664
0.717101
-0.678117
0.356848
0.249091
-0.295663
-0.641704
0.160010
-0.025447
0.082042
-0.830188
0.541053
-0.397602
0.845352
-0.596521
0.278132
-0.104888
-0.109483
0.192395
-0.302873
-0.462302
0.476531
0.244805
0.137033
-0.045629
-0.020626
0.892425
-0.567488
-0.674377
0.477207
-0.644755
0.027785
0.365416
-0.379199
-0.112061
0.290781
0.471007
-0.005668
0.483845
0.076427
-0.112211
-0.219304
-0.038406
0.382289
-0.067713
0.241815
0.041926
-0.229880
0.371145
0.015229
-0.386866
-0.172194
-0.498416
-0.206580
0.128967
-0.340721
-0.036498
0.400691
0.048296
-0.503472
0.434306
-0.416867
-0.241281
0.286453
0.245452
-0.485676
0.718115
0.443314
-0.002261
0.187102
0.506244
0.163204
-0.174763
-0.068569
0.408922
0.614304
0.042948
0.177487
-0.290538
0.804779
-0.344773
0.166239
-0.071923
-0.052525
-0.385828
-0.806233
-0.433332
0.042894
-0.166510
0.566980
-0.082776
-0.219549
-0.305218
0.689397
0.412143
-0.370318
-0.042343
0.615027
-0.457484
0.090107
-0.114243
-0.631175
0.569179
0.533001
0.297682
-0.148083
0.220856
0.063670
-0.125519
0.361476
0.473938
0.074688
0.327647
0.447230
-0.154405
0.239348
-0.006507
0.866893
-0.001529
-0.755139
-0.897362
-0.061628
-0.533695
0.448174
0.223165
0.477807
0.719848
0.257641
0.447045
0.466777
-0.444373
0.641293
0.361330
-0.516857
0.074102
-0.210146
-0.022004
0.079441
0.772837
-0.387289
-0.510712
0.183186
0.542502
-0.062269
0.016932
-0.859451
0.778381
-0.330034
-0.079845
0.922379
-0.817459
-0.751986
-0.769689
0.385929
-0.137895
-0.160720
0.593082
0.109135
-0.336783
-0.475931
0.428739
0.181913
-0.491652
0.004239
0.373155
-0.240126
-0.150380
-0.114487
0.823739
-0.379704
0.438699
-0.126875
0.710433
0.558505
0.099859
-0.148810
0.062470
0.164223
0.030789
0.438868
0.368699
0.287219
0.188525
-0.030519
0.730810
-0.040769
-0.116398
0.963017
-0.225199
0.753965
0.461424
-0.413891
0.079876
0.178622
0.361576
0.452198
0.116306
-0.823433
0.519626
0.111280
0.045783
0.578492
0.012891
0.151481
-0.148361
0.020959
0.252260
0.319643
0.671346
0.573411
-0.087792
0.109399
0.763748
0.003064
0.017530
0.449642
0.316326
0.308805
-0.544485
-0.134391
0.115097
-0.292963
0.145589
-0.557182
-0.414932
-0.196688
0.260301
-0.054840
0.620940
-0.590626
-0.055088
0.019499
-0.491835
0.630965
-0.316014
-0.017231
-0.214385
-0.627625
-0.185267
-0.238602
0.011366
-0.186997
0.396421
0.006898
0.024087
-0.171675
0.175521
-0.347814
0.102476
0.110138
-0.725465
0.239957
-0.802157
0.845297
0.168792
0.255068
0.087726
-0.428397
0.324768
-0.284174
-0.095907
-0.301703
0.707756
-0.166251
0.724591
-0.037843
-0.428918
0.656461
-0.088287
0.227854
0.154738
-0.169949
-0.352474
-0.890485
-0.473908
-0.343768
0.187009
-0.609467
-0.395519
0.210138
-0.642989
0.817219
0.561101
-0.548476
-0.280256
0.024413
-0.159293
0.096402
0.078984
-0.322203
0.375813
-0.049583
0.127525
-0.793810
0.589112
-0.026779
-0.027258
-0.238271
0.957041
0.206475
-0.617290
-0.089254
-0.794472
0.251403
-0.777992
0.309508
0.337985
-0.150507
0.115712
0.620596
0.620969
0.198471
0.058801
0.151766
-0.387756
0.239066
-0.295615
-0.024576
-0.220627
0.059111
-0.212297
-0.311310
0.537883
-0.642139
0.077924
0.028832
-0.609759
-0.183878
0.034053
0.608841
-0.011940
0.240076
-0.425196
0.002676
0.686287
-0.180433
-0.663616
0.387130
0.625215
0.161554
0.404023
-0.292701
-0.340917
-0.103526
0.293856
-0.368375
0.329634
-0.625623
0.069898
-0.040969
0.229818
0.318668
-0.228108
0.093740
-0.506419
0.593956
0.245127
0.391395
-0.348959
-0.522289
0.073644
-0.058764
0.233802
-0.004118
-0.233451
0.575158
-0.065655
-0.798545
-0.257309
-0.030082
0.409488
-0.395828
-0.170449
0.645223
-0.304222
-0.347112
0.630115
0.231958
-0.114371
-0.172167
-0.117454
0.557835
0.047506
0.808694
0.553950
-0.375313
-0.272675
0.373848
-0.653342
0.266498
-0.143300
0.206712
0.560249
-0.259003
-0.045968
0.538657
-0.754612
-0.572963
0.367479
-0.113031
0.046268
0.692234
0.197941
-0.367318
-0.530139
0.700809
-0.208524
-0.025647
0.067695
-0.089190
-0.372769
0.211016
-0.108446
-0.027195
0.459496
0.105327
0.528007
0.511557
0.349958
0.372068
0.641870
-0.476483
-0.469182
0.173714
0.587595
0.435308
0.344389
-0.859585
-0.349946
-0.308730
-0.029927
0.333411
0.314418
-0.356524
0.163218
-0.539682
0.222953
-0.371538
0.036911
-0.146909
-0.356712
-0.596018
-0.415825
0.714649
-0.325768
0.255542
-0.538978
0.563465
0.090748
0.360339
-0.689544
-0.305008
-0.296055
0.014644
0.560581
-0.688435
0.909296
0.347919
0.167570
-0.085156
0.163939
0.400262
0.078865
0.175892
-0.001097
0.084923
0.185072
0.596219
-0.493428
0.679853
-0.312503
-0.483887
0.320385
0.039828
0.271025
0.816831
0.292387
0.216282
0.399994
0.286790
-0.166812
0.069244
0.323232
0.736463
-0.298831
-0.102744
-0.164267
-0.202834
-0.034354
-0.047604
-0.023587
-0.043715
-0.599073
0.624696
0.078332
0.169653
-0.178709
-0.434733
0.133050
-0.468793
-0.607742
-0.117067
0.630537
-0.019373
-0.713114
0.113290
0.620099
0.560316
-0.206366
-0.682579
-0.437347
-0.001147
-0.278923
0.244949
0.693016
-0.422483
0.190538
0.012017
-0.608488
0.001594
0.553344
-0.477130
0.102800
-0.117324
0.096257
0.403879
0.867261
-0.191110
-0.271869
0.136538
0.000151
-0.498092
0.246856
0.439029
-0.304781
-0.669711
-0.457677
0.072421
0.220774
-0.601831
0.223351
-0.602542
0.286931
0.408426
0.101442
-0.260936
-0.021361
-0.568246
-0.506498
0.270902
-0.077745
0.300610
-0.555954
-0.101739
-0.275994
-0.794502
-0.269539
0.173382
0.052523
0.148997
-0.064590
0.345214
0.070912
-0.508730
0.086504
-0.020801
-0.336238
-0.263255
0.117129
-0.567420
-0.549337
-0.501002
0.362914
0.044454
0.403485
0.095531
-0.085961
0.436559
-0.032570
0.011361
-0.238674
0.180748
0.159139
-0.152968
-0.309552
0.444175
0.238135
-0.103784
0.867139
0.131341
-0.479818
-0.194806
0.260079
-0.020122
0.095617
-0.111306
-0.601376
-0.473514
-0.603451
-0.080885
0.341854
-0.173415
0.739824
0.011301
0.338037
0.131759
0.239944
0.261835
-0.037701
-0.013238
0.100339
-0.477255
-0.651999
0.003513
-0.498709
0.134156
0.010005
0.040847
-0.749678
-0.185957
0.481307
0.322005
0.968023
-0.256028
0.347297
-0.252768
0.860774
-0.463268
-0.388860
-0.278930
-0.164981
0.516848
0.452314
-0.695122
-0.007713
0.481736
0.139972
-0.431519
0.590945
0.614173
0.064708
0.492866
0.496611
-0.034769
-0.223660
-0.412955
-0.642482
-0.095096
0.085363
0.062360
0.233331
-0.491495
-0.321688
-0.150278
-0.240180
-0.093993
-0.574203
0.444429
-0.370759
-0.704673
0.150142
-0.104206
-0.714241
-0.557522
0.070841
-0.029139
0.505556
-0.389214
-0.145713
0.162386
0.132758
-0.346330
0.230060
-0.174958
0.738758
0.252630
0.399494
-0.160374
0.175016
0.008905
0.284981
0.202789
0.037419
-0.424523
0.679382
-0.580415
0.125504
0.027207
0.726451
0.173919
0.224258
0.425740
-0.530068
-0.493841
-0.132066
-0.004344
-0.222145
-0.747954
0.096446
0.379872
0.021951
0.245676
0.381935
0.325310
-0.345127
-0.138066
0.565344
-0.210527
0.581264
0.021062
0.148816
-0.708716
-0.584005
-0.194127
0.426350
-0.034906
-0.351894
0.547370
-0.669137
-0.043895
0.081483
-0.654694
0.063141
0.553789
-0.104987
-0.112365
0.612139
-0.302245
0.161749
0.686825
0.277478
0.328825
-0.214366
0.276647
-0.111098
0.073866
-0.036367
-0.128765
-0.003236
-0.113755
0.677522
-0.363788
0.118964
0.739393
-0.073980
0.178012
0.399893
-0.056740
0.120150
-0.285960
0.120720
0.529612
-0.304112
0.383776
0.310258
0.198112
0.159922
-0.179825
-0.308319
-0.089410
-0.228366
-0.783383
-0.390915
0.163655
0.036311
-0.402752
0.299530
0.094523
0.720122
0.283113
-0.197080
0.574739
-0.077198
0.344648
0.268051
-0.078485
0.042616
0.157447
0.029350
-0.187440
0.151670
-0.212759
0.849015
-0.052624
-0.243170
-0.496876
0.415492
-0.416680
-0.014660
-0.511323
0.296847
0.509392
0.919734
0.391756
-0.083724
-0.271968
-0.176739
0.788009
-0.121306
-0.401770
0.308421
-0.746092
-0.902790
-0.176265
0.581177
-0.091242
-0.749303
-0.784564
-0.275418
0.563599
-0.568977
-0.502761
0.876848
0.216596
0.008171
-0.123727
-0.284961
0.136790
-0.324160
-0.734105
0.091249
-0.192123
-0.878093
0.272208
-0.876934
-0.468701
0.514761
-0.660925
-0.243106
-0.033997
-0.656982
0.098499
-0.434204
-0.751829
-0.289498
0.756212
-0.573058
-0.620764
0.777379
0.587141
-0.716241
-0.011010
0.076575
-0.589160
0.312092
0.027784
-0.032960
0.042516
-0.171447
0.742673
-0.780701
-0.630508
-0.244196
-0.254735
-0.536596
0.077518
0.032051
-0.440941
-0.769981
-0.048880
-0.055245
0.215684
0.509324
0.042881
-0.231369
0.034766
0.525004
-0.246542
0.193431
0.441727
0.094214
-0.129548
0.264483
-0.074899
-0.758298
0.614306
-0.458908
0.057833
0.482915
0.376418
-0.046444
-0.312335
0.362355
0.272905
0.401860
-0.057677
-0.027358
0.194256
-0.903189
-0.209637
0.143317
-0.377400
-0.285244
-0.247615
0.224012
0.029315
0.368141
0.530582
0.077782
-0.545232
-0.752151
0.659316
-0.261843
-0.516270
0.127103
-0.199878
-0.101875
0.146763
0.325868
-0.439609
0.559736
-0.080233
-0.018548
-0.139461
-0.536210
0.012114
-0.873022
0.416735
-0.074984
0.602950
0.227891
0.500407
-0.545411
0.553842
-0.193464
-0.519063
0.794829
-0.047076
0.367100
0.317412
-0.721151
0.492621
0.256349
0.840459
-0.482986
-0.135674
0.248204
0.175983
-0.223151
0.324779
-0.721306
-0.407467
0.598649
-0.239270
0.516490
0.740650
-0.799847
0.636789
-0.498257
0.351341
-0.000495
0.095594
-0.566058
0.309410
-0.138372
0.309741
-0.109870
-0.833542
0.030025
0.176158
-0.053489
0.486556
-0.106708
0.382711
0.679840
-0.008141
0.351170
-0.580125
0.025776
-0.091636
-0.298804
-0.321298
0.333612
0.002931
-0.234202
-0.118221
-0.251483
0.052782
0.224942
-0.028021
0.091830
-0.026494
0.132620
0.276057
0.745244
0.318328
0.341664
-0.144042
-0.237812
-0.280893
-0.542245
0.725402
-0.614403
0.483588
0.359856
-0.132246
-0.103556
-0.127258
-0.002150
0.009769
0.239384
0.258670
-0.280212
-0.060669
0.532683
-0.049654
0.163318
-0.148900
0.062641
-0.265334
-0.445365
-0.208747
0.315520
-0.754909
0.884737
-0.044808
-0.607770
-0.211679
-0.296034
-0.190708
-0.277847
0.261828
0.043059
-0.080890
-0.222075
0.153642
0.448969
-0.703068
-0.068851
-0.320289
-0.951541
0.189376
0.400841
-0.189460
0.297094
0.206824
-0.568263
0.336629
-0.408319
-0.397666
-0.334718
-0.150740
-0.058059
0.000328
0.032614
0.659489
-0.204220
-0.112360
-0.002023
-0.140555
-0.206398
0.235269
-0.233630
-0.645886
0.231866
0.615285
-0.041119
0.514190
-0.258122
-0.277740
-0.122641
-0.120636
-0.659651
0.955021
0.488746
0.524465
-0.239068
0.085416
0.265463
0.593859
0.354179
-0.185375
-0.477325
0.010384
-0.027912
0.535214
-0.393630
0.348783
0.087898
0.440458
0.184137
-0.542139
-0.646618
0.300860
0.846029
-0.403654
0.406263
-0.432392
0.334555
-0.121077
0.577496
0.325852
-0.247801
-0.384341
-0.257332
-0.360967
-0.060016
-0.199902
0.097727
0.180720
-0.830582
0.587833
0.054403
0.167603
0.436063
0.135156
-0.364606
0.476652
-0.474605
0.286037
-0.280237
-0.227318
-0.401587
-0.183390
-0.411426
-0.446449
0.288713
-0.097733
0.133952
-0.446069
-0.150764
0.293111
-0.701583
-0.076254
0.154599
-0.196648
0.329358
0.099127
-0.739895
-0.303202
0.710243
0.190454
-0.037377
-0.415370
-0.217460
0.025550
-0.265027
-0.002370
0.656795
-0.033284
-0.204450
-0.447436
-0.290505
-0.296833
-0.019031
0.388023
-0.314499
-0.218047
-0.276720
-0.537939
0.748014
-0.202496
-0.188306
0.637803
0.646494
-0.467209
-0.512167
-0.431448
-0.276514
-0.248332
0.600509
0.090808
0.060198
-0.447894
0.023037
-0.268135
0.013821
0.326824
0.156499
-0.030838
0.248810
0.211055
-0.251937
-0.357252
-0.501394
0.532246
-0.729471
0.188834
0.597105
-0.105844
-0.510606
-0.106220
0.192739
0.631166
0.444888
-0.030212
0.234796
0.450811
-0.083446
-0.250280
-0.158332
0.532743
-0.088243
0.275412
-0.424689
0.232566
-0.817834
0.293302
0.474866
-0.198389
0.027788
-0.542760
-0.070952
-0.297934
0.257250
0.682260
0.247242
-0.009360
-0.197811
-0.203375
0.795410
0.304890
0.412179
0.379127
-0.170538
0.106431
0.271096
0.658245
0.144470
-0.865752
-0.264479
-0.303991
-0.381153
0.665275
0.106262
-0.437800
-0.491665
0.592369
-0.841171
-0.396904
-0.152141
-0.220634
0.460928
0.039589
0.231015
0.285055
-0.578912
0.263869
0.427018
-0.330716
0.248234
-0.089645
0.425074
-0.288321
-0.156898
-0.713599
-0.098998
0.585092
-0.025277
0.415632
0.422299
0.239684
-0.830732
0.603835
0.635246
0.398936
-0.036025
-0.217041
-0.189186
0.068572
0.159363
0.628550
-0.020344
-0.717076
-0.381106
-0.888527
0.134692
0.665589
0.212438
-0.773310
0.321906
0.166375
-0.334974
0.090986
0.126659
0.246390
-0.783890
0.603661
0.037153
0.659241
-0.723568
-0.165574
0.570013
-0.260194
0.061857
0.454558
0.212697
0.112027
-0.375514
0.211591
0.599573
0.292477
-0.258986
0.454570
0.343752
-0.452161
0.269891
0.169686
0.129735
-0.276262
-0.527146
-0.022389
-0.350161
-0.465866
0.066261
-0.008364
0.560198
-0.211926
-0.033210
0.786139
-0.590618
-0.295977
-0.693742
0.772330
-0.043812
-0.176905
-0.690569
-0.150894
0.427830
-0.292710
-0.031729
0.356268
0.830535
0.031163
-0.717515
-0.409282
-0.031671
0.309916
0.103903
-0.049374
0.325339
0.033191
0.099296
-0.054872
0.116388
-0.037296
-0.777104
-0.002292
-0.032857
-0.113600
-0.567513
0.018297
0.230106
-0.028498
0.036166
-0.132736
-0.202539
-0.179335
-0.244197
0.409980
0.312861
0.111881
0.712268
-0.836672
0.018024
-0.423936
-0.523535
-0.627950
-0.191925
0.699055
-0.210981
0.109569
0.134472
-0.443569
0.234924
-0.564377
0.054015
0.393038
0.444071
0.031473
-0.735866
0.024452
-0.116191
-0.777152
0.021192
0.075857
-0.014653
-0.109029
0.233454
0.035040
-0.377019
0.403720
0.165862
0.172737
-0.619883
-0.165664
0.589169
0.669351
-0.205513
0.304319
0.203227
-0.054149
0.910628
0.525788
-0.377319
0.433960
-0.336032
-0.088403
-0.078730
0.414972
-0.048789
-0.042685
-0.195333
0.506073
-0.153486
0.764472
-0.040646
-0.255343
0.021170
-0.396308
-0.465784
0.573442
0.183690
0.360619
-0.071481
0.343488
-0.006517
0.115563
0.332850
0.214620
0.195225
-0.470143
0.175703
-0.103580
0.073764
0.048107
0.723865
-0.655785
0.593723
0.547006
-0.012396
-0.296194
-0.654721
-0.259538
-0.054250
0.305811
0.146594
0.178842
0.057645
0.690138
0.477818
0.142698
-0.574630
-0.156621
0.789384
0.061055
0.600031
0.368316
-0.007255
-0.385008
0.127715
-0.287623
-0.100357
0.049422
0.127405
0.175380
-0.381892
0.760221
0.607511
0.435395
-0.114878
-0.001251
0.384630
0.152465
0.443984
0.100741
-0.596819
-0.145000
-0.033958
-0.330986
-0.075502
-0.424702
-0.437890
0.741058
0.148743
0.727500
0.207205
0.353056
-0.227352
-0.925084
0.754340
0.537161
-0.091580
0.195692
0.287494
-0.565607
-0.430613
-0.381977
-0.183026
-0.088268
-0.379917
-0.884539
0.521645
-0.006921
-0.011326
-0.385876
-0.240780
-0.558108
-0.496029
0.530781
0.207657
-0.228068
0.334100
-0.118590
0.008940
0.738688
0.063157
-0.588631
-0.059415
-0.801810
0.552574
-0.281022
0.489056
0.043552
0.017064
-0.410937
0.473277
0.150472
-0.104292
0.183275
-0.690578
0.251598
-0.595106
-0.218376
-0.010311
0.180399
0.287322
-0.612088
0.600523
-0.279230
0.301220
0.281616
0.021518
-0.049180
-0.437696
-0.558357
0.587559
0.068859
-0.011246
-0.427365
0.517161
-0.151647
-0.018747
-0.561568
-0.438321
-0.399477
-0.074084
-0.292973
-0.525379
-0.280422
-0.237218
0.310845
0.109316
-0.114521
-0.233741
-0.374782
0.403689
0.027979
0.569999
-0.661434
-0.101652
0.540603
0.041760
0.671151
0.634509
0.136690
-0.542688
-0.528495
-0.318308
0.734191
-0.633362
0.205798
0.082117
0.073097
-0.520681
-0.144557
0.560877
-0.622649
-0.479900
0.050294
-0.562578
-0.327626
-0.534961
0.375768
-0.506415
-0.561103
-0.557089
-0.143151
-0.597292
0.278422
-0.084736
-0.513933
-0.489378
-0.573160
-0.052929
-0.562906
-0.465620
-0.121736
-0.207388
-0.014026
-0.045251
0.566888
0.740256
0.982217
0.927053
-0.346684
-0.513022
-0.311916
0.255841
0.411789
0.261712
-0.010993
0.422167
0.104213
-0.270764
0.410060
-0.706039
0.391736
-0.118132
0.040142
0.107778
0.058697
0.165396
0.179762
0.481687
-0.763577
-0.477718
-0.037050
-0.066877
-0.376633
-0.232274
-0.238584
-0.269097
-0.092412
0.886908
0.220377
-0.413219
0.333274
-0.633676
0.265263
0.587848
0.382088
0.460331
0.232529
0.037641
0.215686
0.348168
0.205732
-0.671671
0.282537
-0.631531
-0.349636
0.226985
-0.271649
-0.324791
-0.264565
0.304822
-0.408167
0.900685
0.818445
0.021140
-0.583962
0.116440
0.558341
-0.124207
-0.626294
-0.719390
-0.653437
0.113915
0.267134
0.069399
0.719779
0.545465
-0.470371
-0.016990
-0.714499
-0.361219
0.944385
-0.302670
0.395254
0.202387
0.186570
0.818954
0.164946
-0.229903
0.137928
0.854230
0.182636
0.000964
-0.126135
0.236438
0.173762
-0.459568
-0.131239
0.461183
0.141724
-0.594654
0.388247
-0.893117
0.315108
-0.044453
0.234125
-0.122182
0.221390
-0.313990
-0.520662
-0.149117
-0.303548
0.315634
0.272587
-0.829754
0.054921
-0.119704
0.003603
-0.558618
0.491637
0.024832
-0.727856
-0.046186
0.631497
-0.048968
0.505747
0.062726
-0.246793
0.245409
-0.386414
-0.111215
-0.553894
-0.464383
-0.670471
-0.709388
0.249434
0.584239
0.021436
-0.793707
-0.214716
0.333446
0.271177
-0.493963
0.259501
-0.319787
-0.412912
0.136219
0.377337
0.263404
0.613261
-0.117372
-0.095792
-0.922193
0.097433
0.091310
0.684603
-0.089570
0.088355
-0.235188
0.619361
0.115181
-0.126970
0.498782
0.132049
-0.688613
0.069768
0.233832
0.730307
-0.645650
-0.169388
-0.486369
-0.176846
-0.424847
-0.469455
-0.542804
-0.293150
0.157744
0.891868
0.831122
-0.269186
0.018682
-0.720316
-0.864446
0.221723
-0.262370
0.390034
0.078683
0.285571
-0.208239
-0.547301
0.099696
0.230463
0.609777
0.007477
0.633986
0.201762
-0.215435
0.325145
-0.360761
0.233895
-0.031096
0.012819
-0.243958
-0.080666
0.338095
-0.738455
0.179841
0.145546
-0.446957
0.004046
-0.331103
-0.242427
0.238158
-0.463658
0.132412
-0.421128
-0.323853
0.318622
-0.221457
0.092988
0.136185
-0.477899
-0.112454
-0.126781
-0.077309
0.312405
0.023042
-0.301048
0.023443
0.033568
0.650968
-0.436505
-0.153786
0.129267
-0.512457
0.513493
0.422660
0.475867
-0.135016
0.445389
0.196353
-0.060431
-0.197826
0.019860
0.719223
0.836805
0.826132
0.103956
-0.060668
0.443493
-0.076113
0.023474
0.031300
0.253387
0.160603
0.083158
0.108612
0.352375
0.083255
-0.065441
0.491155
0.005210
-0.210172
-0.316419
0.705356
-0.195817
0.116788
-0.183745
-0.210642
-0.337817
-0.786003
-0.792277
-0.062316
0.435993
-0.134139
0.439693
0.149837
-0.608713
-0.342978
-0.381949
-0.263518
0.093175
0.001560
-0.070081
-0.286451
-0.080615
-0.830988
-0.045228
-0.271442
0.628739
0.558910
-0.157503
-0.084313
0.428908
0.002907
0.006437
-0.213476
-0.187945
0.455663
-0.152619
0.268502
0.251843
-0.363634
0.294777
-0.396439
0.660187
-0.171201
-0.070437
-0.133493
-0.095774
0.095429
-0.301176
0.052806
0.091233
0.222874
0.266894
-0.784169
0.115679
0.322720
-0.411303
-0.263038
-0.502977
-0.253238
0.228837
-0.032369
-0.718206
0.029449
-0.403454
-0.038825
0.525033
-0.382294
-0.428920
-0.332448
0.275713
0.276597
0.328449
0.083625
-0.723176
0.734669
0.663374
-0.521512
-0.286857
-0.176375
0.042722
0.083755
0.843353
-0.030865
-0.555128
0.285060
0.357468
0.284235
0.599758
-0.640847
-0.581385
0.086472
-0.445494
-0.088922
0.035069
0.105737
0.684932
-0.016557
-0.624752
-0.179633
-0.102774
-0.692452
-0.009142
-0.542748
0.829396
-0.512422
-0.547469
0.258901
0.967106
-0.499934
0.253689
-0.026293
0.792240
0.498387
0.014132
-0.552282
0.761304
-0.352988
0.108167
-0.221727
-0.047807
-0.221455
0.274659
0.636433
0.531174
0.156399
0.104621
0.253811
-0.241301
0.734163
0.109132
-0.024032
-0.211802
-0.070155
-0.256508
-0.421250
0.212013
-0.961157
0.832005
-0.742865
-0.782264
-0.284378
0.231562
0.111068
-0.801294
0.000566
0.084864
-0.572131
-0.006121
0.295583
0.066469
0.348560
0.483203
0.125957
-0.709661
0.270947
-0.541498
-0.002929
0.133836
-0.371807
0.479314
-0.042577
-0.401003
-0.092291
-0.030414
0.524126
-0.096769
-0.851460
0.075412
-0.606587
-0.538659
0.308385
0.346167
0.008927
0.138369
0.536342
-0.229677
0.083312
0.512639
0.317973
0.454627
-0.079831
-0.590811
-0.102002
-0.190347
0.233134
0.720087
0.069740
0.493670
0.865747
0.138614
0.020559
-0.459249
0.112976
-0.403426
-0.504685
-0.577578
-0.245983
-0.125815
-0.239239
-0.614684
-0.379576
-0.174787
-0.051339
0.219049
-0.126104
-0.125193
0.155765
0.354387
0.516468
0.122749
-0.571751
0.034752
0.450426
-0.409596
-0.217772
-0.070018
0.388807
0.254854
-0.165012
-0.112044
-0.216276
-0.237800
0.325931
0.124581
0.599074
-0.178421
-0.604366
-0.010344
-0.196350
-0.532351
0.208269
0.201583
-0.082853
-0.591755
0.431969
0.303460
-0.561854
0.119026
0.612924
0.011527
-0.608338
0.131521
-0.150099
-0.482499
-0.132445
0.801950
-0.295537
0.303924
0.056729
-0.479242
0.476801
-0.038129
-0.349535
-0.093589
0.083714
0.186410
-0.072130
-0.258097
0.205651
0.719953
-0.154090
0.223984
0.373988
-0.669898
-0.433879
-0.364726
-0.586256
0.419090
0.086318
0.294902
0.339719
-0.011156
0.356419
-0.267980
-0.198021
0.209201
-0.003122
-0.297742
-0.274378
-0.351320
-0.578352
-0.124820
-0.107576
0.085597
0.085780
0.049644
-0.859427
-0.658194
0.525674
0.110181
-0.200656
-0.118936
0.379428
0.215254
-0.275543
0.104998
0.469206
-0.140091
-0.572579
0.499824
-0.425366
0.380684
0.493176
-0.098392
0.166526
-0.188602
0.364132
-0.633401
0.376978
0.024109
0.050858
0.397732
-0.171708
-0.905468
-0.759840
-0.313287
0.555682
0.083922
0.197240
0.063865
-0.439461
-0.702754
0.799848
0.549035
0.008290
-0.151247
0.816947
-0.697426
0.419945
0.396433
0.271939
-0.017152
-0.070125
0.606990
0.527422
0.955703
0.421112
0.006468
0.279274
-0.453184
-0.012659
-0.309209
0.086659
0.273362
-0.250616
-0.529368
0.111805
-0.188365
-0.729149
-0.316554
-0.749252
-0.021610
0.023684
-0.355930
0.612682
-0.073434
-0.557651
0.003092
0.045020
-0.232503
0.385979
0.056796
0.070677
0.197592
0.226110
-0.178036
0.307827
0.227980
-0.048083
-0.135375
-0.807949
0.282157
-0.488869
0.020361
0.158417
-0.796669
-0.099567
-0.068424
0.252699
-0.833048
-0.158005
-0.176489
-0.089863
0.525915
0.265600
0.242382
-0.191310
-0.388401
0.055334
0.787822
-0.434977
0.326733
0.900307
0.232513
0.085514
0.219066
-0.054756
0.024409
0.092072
-0.333995
-0.595306
-0.893477
-0.102037
-0.463617
-0.059376
0.340157
-0.280895
0.060445
0.423002
0.354805
0.240113
0.519202
0.088690
-0.565171
-0.192728
0.234556
0.314269
-0.579796
0.668221
-0.521854
-0.486022
-0.437187
0.588554
0.007812
-0.627955
0.425819
0.659808
0.684638
0.344817
0.059380
-0.380923
0.460497
-0.441648
0.526889
-0.137981
0.912457
0.023320
0.555198
0.283193
-0.162254
0.178587
0.125397
0.182262
0.318223
-0.718278
-0.520582
0.818270
0.468147
-0.646992
-0.217585
-0.102914
0.612238
-0.181598
0.239955
0.790607
0.459033
-0.252976
-0.004977
-0.637605
0.187146
-0.465511
0.591629
-0.464458
0.146977
-0.175661
0.600945
-0.483575
-0.193911
0.375972
-0.842947
-0.192739
0.292882
0.259785
0.116305
0.745572
-0.526295
0.239003
-0.130981
0.192937
-0.167070
0.544212
0.085976
0.209368
-0.151002
0.315388
-0.064349
0.661005
-0.152679
-0.118184
0.325112
0.377008
0.668611
0.113585
0.164186
0.241173
-0.436082
0.178533
-0.213967
-0.120660
0.599905
-0.130805
-0.215499
-0.401953
0.014171
0.506655
0.400817
0.046074
0.643604
-0.513856
-0.243350
0.522586
-0.247851
0.442606
-0.253005
0.521380
0.235141
-0.057147
-0.044696
-0.005667
0.393572
0.206536
-0.438260
-0.054339
0.311110
-0.467596
0.123644
-0.115058
0.315966
-0.083670
0.349583
0.601170
-0.426870
0.509399
-0.491062
0.128335
0.615037
0.581983
0.170875
-0.625201
-0.009813
-0.470263
0.587056
-0.096453
0.714523
0.326270
-0.284779
-0.532377
0.625650
-0.462596
0.175505
-0.462234
0.493496
-0.170450
-0.607603
0.184604
0.017437
-0.223840
-0.072027
-0.058995
-0.283098
0.014854
0.184267
0.146133
-0.455432
-0.099113
-0.708265
0.194394
-0.329465
0.565078
-0.184439
0.493543
0.298548
0.350117
0.560878
-0.425870
-0.701324
0.129851
0.841004
0.227681
0.047485
-0.225756
0.096021
-0.471979
-0.078201
0.142452
-0.245242
0.029807
-0.563826
-0.181983
-0.701189
0.204938
0.235944
0.691992
0.170060
-0.151256
0.615233
0.206376
-0.357894
-0.695229
-0.294073
-0.554338
0.120979
0.064693
0.338668
-0.481578
-0.093298
-0.532923
0.709028
-0.261592
0.003161
-0.057907
-0.294459
-0.724348
0.500031
-0.412724
0.480140
0.357104
-0.125762
-0.116759
0.066158
0.457952
-0.615238
0.301588
-0.343271
0.860218
0.192393
0.038442
-0.203431
0.644208
-0.277402
-0.889197
0.273359
0.073163
0.298610
-0.793130
0.072535
0.302541
0.194832
-0.036142
-0.260400
-0.023636
-0.106310
0.669905
0.060994
0.431781
0.035661
0.093173
-0.225339
0.271051
-0.018565
0.374391
0.024046
0.702066
0.352086
0.036326
0.429566
-0.050807
0.128263
-0.547651
-0.407202
0.821507
0.185247
0.517160
0.441154
-0.273845
-0.193402
-0.355591
0.375766
0.089634
0.376604
-0.504405
-0.268428
0.118336
-0.119876
0.131759
0.173123
0.505992
0.068290
0.506471
-0.435445
-0.557902
-0.079691
0.051126
-0.215654
0.014715
-0.358997
-0.253547
0.029076
-0.730773
-0.152216
-0.185287
-0.297193
0.563101
-0.497176
-0.200657
-0.916213
-0.064728
-0.174609
0.353693
-0.013232
-0.451647
-0.355088
-0.280101
-0.064681
-0.470683
0.034896
0.232140
-0.085178
0.544348
-0.245523
-0.311146
-0.002702
0.047760
-0.418118
0.213547
-0.488330
0.584704
0.316553
0.214265
-0.174258
-0.402837
0.161793
-0.253949
0.587450
-0.023780
-0.493660
-0.420511
-0.144038
-0.060430
-0.288061
-0.565838
-0.101291
0.138790
-0.629805
-0.363761
0.300816
0.316871
-0.039864
0.671523
-0.552175
-0.502409
0.159145
0.042791
-0.116763
0.260198
-0.368651
0.121490
-0.370455
-0.680288
0.020175
0.005195
0.390098
-0.589533
0.665167
0.821753
0.514271
-0.048172
-0.871743
0.546460
0.225988
-0.103837
0.189655
-0.443680
0.368545
0.225217
0.115367
-0.084934
0.087456
-0.076758
-0.827533
-0.642796
-0.840713
0.433832
-0.834751
0.071213
0.032342
0.980022
-0.188199
-0.186879
-0.018573
0.120780
0.233275
0.364593
-0.199348
0.718475
0.504722
-0.153074
0.331193
0.717039
0.595641
0.050456
-0.148173
-0.177812
-0.197831
-0.337490
0.357496
-0.264262
-0.217044
-0.265590
0.218336
-0.084653
-0.282888
-0.280777
-0.265599
0.439185
0.242455
-0.090665
0.036562
-0.430683
-0.276722
0.124073
-0.409578
0.025801
0.166134
-0.002682
0.417885
-0.122738
-0.807703
-0.081209
-0.014944
0.482850
-0.561332
-0.296640
0.754225
-0.265632
-0.180389
0.391222
0.427342
-0.767902
-0.399610
-0.193743
-0.144457
-0.818584
-0.147090
0.066793
0.515894
-0.020774
0.370984
-0.363575
0.188196
0.624303
0.354354
-0.783873
0.088916
-0.198896
0.171327
-0.029965
-0.117141
-0.930393
0.607315
0.338103
-0.568832
0.920955
-0.266218
0.129724
0.527268
0.108679
0.281501
-0.390816
0.220923
0.163556
0.682529
0.142837
-0.655279
0.492852
-0.321669
0.044411
0.283220
-0.462382
0.267039
-0.225139
-0.437949
0.485676
-0.134354
0.274929
-0.193590
0.263956
-0.411840
-0.004831
-0.141470
0.056857
0.488479
-0.314078
-0.602128
0.639614
-0.725394
0.129365
0.202743
-0.332840
0.665823
-0.621192
0.095226
0.614701
-0.078887
0.029323
0.387497
-0.176692
0.447506
-0.129467
-0.222139
-0.193808
0.411417
0.714675
0.321054
0.401102
-0.033798
-0.040029
0.224051
0.307317
-0.056515
0.167905
0.282070
0.817678
0.371959
-0.424935
-0.057763
-0.035461
-0.714634
0.501149
0.357941
0.030815
0.608094
-0.417041
-0.119623
0.413967
-0.215941
-0.866316
-0.439222
0.541317
-0.389684
-0.462125
-0.005585
-0.571818
0.335055
0.024768
0.633244
-0.294755
0.279201
-0.318494
-0.135709
0.222535
0.801541
-0.799640
-0.349926
-0.304737
0.324169
-0.364359
0.774140
0.501482
-0.163369
-0.024679
0.457306
-0.010091
0.533221
-0.478276
-0.381014
0.334808
0.395501
0.590286
-0.660712
-0.591883
0.123213
-0.572410
-0.602519
0.195199
0.200520
0.252872
0.280412
0.077535
-0.121381
0.570176
0.633505
-0.308757
-0.180397
-0.394677
0.719590
0.556673
-0.182277
0.128173
-0.877207
-0.039950
-0.136031
0.558379
0.294067
0.597257
-0.025243
0.189458
0.114529
0.241068
-0.003771
0.478625
0.207068
0.524815
-0.159565
0.483466
-0.155640
-0.553602
-0.297131
-0.683053
0.321273
-0.462046
-0.816701
-0.176146
0.704633
-0.378212
-0.286180
0.196429
0.817539
-0.627235
-0.628879
0.901579
0.151601
-0.098276
0.620783
-0.415502
0.401812
0.727796
-0.288146
-0.043899
0.455952
0.371855
0.240379
-0.557001
-0.078892
0.211942
-0.746437
0.168354
-0.046170
0.137945
0.162223
0.377806
0.145518
0.547165
0.042134
-0.471038
0.874384
0.152812
-0.530340
0.547927
0.526593
0.416621
0.618356
-0.384569
-0.866221
-0.817402
0.308249
0.182348
0.098658
-0.177166
0.340199
0.916849
-0.381721
0.862179
-0.093619
0.518941
-0.323754
-0.029013
0.520577
0.718030
0.056278
-0.355447
0.590452
0.089529
-0.780107
0.285848
0.108544
0.409157
-0.004314
0.045779
-0.549067
-0.134408
0.431099
-0.540236
0.480487
0.027395
0.258682
-0.621185
-0.996366
-0.110000
0.139836
0.404612
-0.025767
0.275440
0.619006
0.297665
0.646389
0.075861
-0.823325
0.374600
0.204478
0.259473
0.171506
-0.035893
-0.463937
-0.458487
0.009803
-0.033530
-0.430225
-0.252740
-0.059859
-0.496054
0.888108
0.047029
0.109545
-0.204861
0.262446
0.155878
0.547593
0.167198
-0.713346
-0.272503
0.078544
0.757861
0.797546
-0.377109
0.721212
-0.538714
-0.191705
-0.318926
0.183742
-0.331728
0.128286
0.304400
-0.614778
0.189237
0.238751
-0.608145
-0.719297
-0.203734
0.624857
-0.659675
0.956549
0.008805
-0.094801
0.220436
-0.541152
-0.365269
0.637568
0.166461
0.115046
-0.418124
-0.773413
-0.555107
-0.130177
0.744362
-0.360551
-0.381476
-0.273420
-0.779650
0.327837
0.039993
0.239367
-0.137853
-0.404967
0.222392
-0.323563
-0.747866
-0.867244
-0.774754
0.101962
0.087059
0.630092
-0.200846
0.586626
0.012480
-0.352427
0.532625
0.340138
-0.654690
-0.068979
-0.712886
0.036872
-0.607131
-0.473530
0.132150
-0.029267
-0.096500
0.060796
-0.737135
-0.131742
0.285731
0.213221
0.906111
0.188962
0.403273
0.033471
0.209484
0.807185
-0.090206
0.328526
0.292722
-0.570681
-0.058278
-0.364493
0.149868
-0.220273
-0.717095
0.623877
0.254296
0.356660
0.132512
-0.572767
0.005930
0.270711
0.240396
-0.143920
0.081619
-0.830091
0.334123
-0.069177
-0.105954
0.442898
-0.216856
-0.136499
-0.065409
-0.150731
-0.211077
0.017952
-0.148770
0.257007
-0.026391
-0.114981
0.180672
0.161824
-0.352897
-0.137862
0.361210
0.768125
-0.834913
0.211446
0.625427
0.185318
-0.013303
0.617073
-0.089665
-0.374603
-0.516680
-0.195863
-0.514797
-0.115317
-0.184818
-0.423982
-0.363311
-0.304559
0.124194
0.214294
-0.340005
-0.134061
-0.545309
-0.084524
0.834998
0.436115
0.160324
0.624961
0.205985
-0.047759
-0.043600
0.261934
-0.187448
0.047125
0.097816
-0.042991
-0.341099
-0.053273
0.051876
-0.136479
-0.314691
0.811483
-0.930963
0.529899
-0.580959
-0.004925
-0.232163
-0.616653
-0.240917
-0.522248
-0.383953
-0.074081
-0.540096
0.187129
0.242399
0.321905
-0.107972
-0.382954
-0.143586
-0.881375
-0.061966
0.032920
-0.346411
0.457757
0.675071
0.353406
-0.179748
-0.074432
0.160998
-0.474917
-0.264515
-0.381766
-0.622941
0.353002
0.140135
-0.110153
-0.198216
-0.166820
-0.314202
0.225073
-0.139486
-0.351181
0.152917
0.029501
0.058852
0.410056
0.857310
-0.639422
-0.073490
-0.479938
0.295308
0.399479
0.702125
0.106863
-0.447854
-0.171861
-0.591739
0.341423
0.219011
-0.768777
0.687836
0.299542
-0.107648
0.229625
-0.101953
0.391526
-0.396685
0.111268
0.457805
-0.357214
0.494602
0.608768
0.017162
0.147933
0.178153
0.273014
0.052061
-0.400088
-0.404292
-0.482417
0.173060
0.217215
-0.737325
0.012503
-0.170234
-0.021824
-0.636392
-0.699933
0.503261
-0.248015
-0.592967
0.806850
-0.292686
0.211683
-0.496873
-0.115119
-0.554782
-0.295477
0.347960
0.034384
-0.392069
0.479766
-0.021233
-0.144847
-0.068914
-0.363137
0.496767
0.442391
0.406324
0.543194
-0.017071
-0.064754
-0.153469
-0.501064
-0.428330
0.025188
0.270194
0.504677
0.125526
0.082074
0.976861
0.065239
-0.106844
0.137279
0.702870
-0.076214
0.679837
-0.189592
-0.333633
0.374617
0.036501
0.005475
-0.441575
0.765635
-0.271969
0.079034
-0.713215
-0.345846
0.590996
-0.629210
0.371595
0.067331
-0.366434
-0.142935
-0.445408
-0.528848
0.358519
0.306148
-0.310519
-0.581041
0.353348
-0.176212
-0.158212
-0.248586
-0.155337
0.294552
0.316901
-0.246751
0.432076
0.010983
-0.456853
-0.395711
-0.097841
0.488575
0.513802
0.058118
0.061696
-0.118168
0.794151
-0.063213
0.535017
-0.136162
0.213212
0.732909
0.331060
-0.122992
0.443986
0.531150
0.353741
-0.237652
0.603665
-0.056814
0.571820
-0.018324
0.629780
-0.450751
-0.418806
0.045638
-0.752562
0.347117
-0.289929
-0.166751
-0.385764
-0.260477
0.372532
0.325092
0.216131
0.100561
-0.608280
-0.240484
-0.354233
0.509376
0.064831
0.471073
0.366339
-0.048382
0.632613
0.489313
-0.342701
0.202758
0.073911
-0.042951
0.002078
0.533224
-0.692765
-0.237879
-0.345976
0.009345
-0.477158
-0.222233
-0.670425
-0.615138
0.177863
0.303439
0.243413
0.300633
-0.143782
-0.026840
0.091230
0.615924
0.246100
0.080656
0.050752
-0.023254
0.067081
0.285662
0.082646
0.775255
-0.470783
-0.483653
0.565820
0.405024
-0.008077
-0.788912
0.232860
-0.620660
0.185317
0.150060
-0.260485
-0.023078
0.482956
0.409340
-0.707818
-0.163881
-0.774312
-0.122896
0.106321
0.565961
-0.266053
-0.021992
0.459706
-0.870758
0.593210
0.461570
0.070644
-0.120253
-0.101058
0.150130
-0.562858
-0.009274
-0.254117
0.196173
0.133734
0.113858
0.719113
-0.406699
-0.378139
0.186836
0.555678
-0.147560
0.736796
0.171026
-0.251660
-0.831904
-0.343366
0.482505
0.257147
-0.105493
-0.010049
0.375988
0.254291
-0.669519
-0.442617
0.089873
0.394755
-0.460018
-0.903635
0.152506
0.598012
-0.586477
0.654833
0.887843
-0.057269
-0.102940
0.077209
-0.062036
0.304450
-0.484229
0.243285
0.078075
-0.322870
-0.524929
0.607090
0.067982
-0.279546
0.370420
0.216680
-0.031537
0.103053
-0.450260
0.406056
0.340347
0.084057
0.804318
-0.419935
-0.007057
-0.168567
0.026564
0.402734
0.040837
-0.810896
0.691968
-0.079351
0.222890
0.331037
0.239294
0.294377
-0.063003
-0.144194
-0.042098
0.190718
0.301944
0.602345
-0.138771
-0.076072
0.327341
-0.511205
-0.463520
-0.070742
0.633718
-0.292079
0.055694
0.281921
-0.887165
0.098951
0.115277
0.197901
-0.108395
-0.023704
0.356972
0.034171
0.459710
0.231174
0.099610
0.544608
0.232474
0.186562
-0.401863
-0.730955
-0.387137
0.240086
-0.465194
-0.348981
0.044140
-0.163648
0.439418
0.135127
0.168806
-0.085115
0.845607
0.140045
0.350018
0.095040
-0.105079
-0.403180
-0.631015
0.391588
0.686523
0.056408
-0.254953
0.052633
0.188840
0.736671
0.470959
0.193761
-0.163406
0.107995
0.199803
-0.421288
0.385321
0.345564
0.303708
-0.162843
-0.188564
-0.194670
0.712225
-0.448741
0.482211
0.447774
0.164739
0.534977
-0.895780
-0.844198
-0.401986
-0.002640
0.106621
0.746876
0.147330
-0.187407
-0.773751
-0.092282
-0.555699
0.622784
-0.004093
-0.119201
-0.367761
-0.012220
-0.357990
0.002878
0.116674
-0.839267
-0.532157
0.322559
-0.576044
0.209492
0.077337
-0.585500
0.332737
-0.310463
-0.415330
0.082663
-0.580160
0.296738
0.723967
-0.141762
0.606571
0.523643
0.423153
0.022267
-0.667037
-0.309832
0.191075
-0.652732
-0.522508
-0.353386
-0.164956
-0.123434
0.595895
0.025414
-0.049957
0.112004
-0.176298
0.455574
0.056114
0.694402
-0.103157
0.464420
-0.276922
-0.391480
-0.119100
0.694036
0.151192
-0.154047
-0.329719
0.527372
0.520812
-0.303268
-0.319824
0.485091
-0.328208
0.154279
0.754227
0.323556
0.463786
-0.093988
0.530890
0.166426
-0.905631
-0.054793
0.166951
0.106977
-0.079323
0.195874
-0.537598
-0.000247
-0.547901
0.161831
0.086109
-0.058868
-0.265857
0.062416
-0.020570
-0.850440
0.465506
-0.071452
0.005549
-0.248047
0.520239
0.217542
0.159345
-0.662612
-0.089906
0.840743
-0.441764
-0.437356
-0.193073
0.110512
-0.206668
-0.103574
0.526851
0.231939
0.268270
0.349934
0.065604
-0.498187
-0.460975
0.201659
0.143227
-0.749919
-0.498572
0.419179
-0.101621
-0.119603
-0.012619
-0.583090
-0.184765
0.406778
-0.664335
0.710721
-0.141096
0.700397
0.136544
-0.032830
0.171399
0.612488
0.729429
0.150789
0.349328
0.647347
0.126900
-0.036393
0.365244
0.515494
-0.503108
-0.246650
0.345714
-0.065467
0.825125
-0.022412
0.065779
-0.190988
0.510852
-0.015647
-0.492010
-0.523594
-0.062117
0.774550
0.932820
-0.157210
0.316266
-0.299778
0.491408
0.229630
0.273616
0.265910
-0.274972
-0.140700
-0.577558
0.119943
-0.126476
-0.116025
-0.005402
-0.245932
0.286715
0.499217
-0.194617
0.268486
-0.572461
0.530762
-0.460755
0.079201
-0.123617
0.718340
-0.309547
0.210722
0.276935
0.287724
-0.495822
-0.157718
0.649430
0.843670
0.362878
0.045143
-0.135921
-0.738895
-0.478875
0.337589
-0.122744
0.545097
-0.206611
0.134952
0.681760
-0.361791
-0.573805
0.000563
0.380578
0.514133
0.189078
-0.727529
0.246394
-0.082007
0.037206
0.227100
-0.533405
-0.118454
0.564276
0.229360
0.249754
0.061018
-0.045189
-0.182405
-0.198371
0.040980
-0.356463
-0.139292
-0.056500
0.188113
-0.508858
-0.241054
-0.426765
-0.136140
0.733164
-0.104249
0.382256
0.275409
-0.291581
0.067363
0.111576
0.088111
0.649593
-0.168197
-0.369437
0.216562
0.496657
0.648411
-0.405989
-0.101259
-0.145981
0.712284
-0.172744
-0.617892
0.799999
0.437870
-0.158499
-0.527222
-0.284423
0.331137
-0.962290
0.226646
-0.886737
-0.733329
0.307522
-0.015356
0.153323
0.026605
0.392804
-0.148063
-0.086182
0.366469
-0.696527
-0.048872
-0.443846
0.067241
0.345210
-0.618348
-0.289185
0.654015
-0.576983
0.311452
-0.679679
0.664045
-0.384121
-0.013675
0.269623
-0.439953
-0.329082
0.081755
0.213819
0.256793
0.083179
0.062918
0.081950
0.035268
0.250094
0.320682
0.079916
0.812660
0.375458
-0.335962
0.119649
-0.030999
-0.705646
0.349109
-0.111110
-0.645733
-0.827856
0.172076
-0.460005
0.036300
0.712317
-0.618832
0.229922
0.715117
0.032196
0.011870
-0.240494
0.375193
0.153645
-0.772567
-0.698502
-0.041493
-0.058571
-0.369570
0.007735
-0.696082
-0.632910
0.064481
0.193301
-0.256442
0.936984
-0.297619
-0.037583
0.029498
0.540215
0.069335
0.684876
-0.573934
0.175972
0.030811
-0.374465
-0.000211
0.437669
-0.172208
0.432361
-0.460103
-0.314594
0.036309
-0.432561
-0.555319
0.068992
0.055907
-0.575263
-0.055333
0.448754
-0.880738
-0.538915
0.030520
0.615532
-0.035325
0.511804
0.392743
-0.652937
-0.046106
0.309324
-0.631393
0.144288
0.581365
0.460747
0.389694
0.151290
0.140755
0.467402
0.136827
-0.381134
-0.334962
-0.017412
0.117737
0.177980
0.330710
0.663475
-0.514573
0.569217
-0.297542
0.358792
-0.061276
-0.166829
0.065385
0.459878
-0.347006
-0.007789
-0.388522
-0.016921
-0.047904
0.151067
0.685411
-0.080957
0.277332
-0.398719
0.067175
0.024666
-0.376706
0.150386
0.679050
0.089151
0.365446
-0.924874
0.744611
-0.181715
0.216281
-0.460716
0.205700
-0.037258
0.466331
0.116041
0.712177
0.518989
-0.484069
-0.231229
-0.125879
0.762060
0.075563
0.127812
0.261642
-0.359593
-0.110174
0.457890
-0.118448
-0.095863
0.140599
-0.326326
-0.234937
-0.184885
-0.945819
-0.084368
0.044374
-0.286701
-0.070921
0.215034
0.076003
0.078767
0.402526
-0.316278
0.823733
-0.176839
0.433061
0.083190
-0.003835
0.273716
0.044350
-0.143503
0.135562
-0.523855
0.565085
0.207586
-0.426799
0.029077
0.069334
0.680591
-0.177581
-0.249005
-0.102694
0.141978
0.758285
-0.668175
0.571212
-0.087882
-0.992594
0.478537
-0.608620
0.480704
0.347234
-0.441716
-0.598181
0.567676
0.476950
0.566838
-0.448455
0.092049
-0.078215
-0.167588
0.117655
0.014044
-0.598331
-0.139874
0.311762
0.031858
0.334312
-0.804944
-0.568497
0.571819
-0.191015
0.735079
0.383606
0.069105
-0.206531
0.385531
-0.389824
0.545225
-0.001803
0.590495
0.338125
0.043603
-0.194074
-0.569794
0.008737
-0.160968
-0.490513
-0.487642
0.406177
0.081989
-0.033367
-0.123592
0.340481
0.537622
0.659201
0.818667
-0.554428
0.173925
0.112542
-0.177629
-0.003592
0.463678
-0.558175
0.099696
0.066179
-0.635913
0.080018
0.136115
-0.453243
0.050692
-0.383216
0.172925
0.677067
0.211696
-0.323115
-0.389316
-0.419999
-0.368071
-0.227210
0.368470
0.213874
-0.372517
-0.367456
0.905612
0.125102
0.509547
0.219034
-0.055541
0.068890
0.556480
-0.234279
-0.598680
0.420241
0.229349
-0.079314
-0.296158
0.845698
-0.151539
-0.043188
-0.069728
0.087638
0.039057
-0.059101
0.938546
-0.177153
-0.627091
-0.087845
-0.568371
-0.002135
-0.359338
-0.195046
0.195916
0.146908
0.459438
-0.123951
-0.395767
0.014309
0.114540
0.429818
0.035372
0.417996
-0.293371
-0.661611
0.122930
0.072546
0.356182
-0.162195
0.413248
0.579363
0.587874
-0.317807
-0.060163
-0.360106
0.149551
0.364291
-0.823581
-0.104604
0.208282
-0.130995
0.472836
-0.689577
-0.536732
-0.462110
-0.164657
0.090932
0.676320
0.290557
0.562794
0.120774
-0.081798
0.738048
0.106600
-0.629063
-0.395020
-0.259178
0.745185
0.088231
0.023938
-0.187189
0.453706
0.030519
0.140393
0.718690
0.475729
-0.403296
-0.569239
0.747761
0.278643
-0.656946
0.387476
0.666527
-0.466415
-0.821216
-0.123968
-0.123487
-0.254668
0.147434
-0.572414
0.295425
-0.145521
-0.379381
-0.222400
-0.691954
-0.498052
-0.410771
0.200750
0.545308
-0.638561
-0.540527
0.473061
0.511754
0.034667
-0.228129
-0.161808
-0.700438
-0.122495
0.118055
0.105387
0.605148
-0.528581
0.133973
0.649112
-0.894673
0.275984
0.811721
-0.120960
-0.566950
-0.521951
0.539893
-0.537616
0.445172
-0.285249
-0.176384
-0.161892
0.118176
-0.434065
0.785031
-0.175148
0.057306
-0.135272
-0.573821
0.737451
-0.576400
-0.138089
0.368922
-0.087558
-0.464813
-0.049701
0.308648
0.376615
0.135531
0.192935
-0.041710
0.443274
-0.259788
-0.036332
-0.670114
-0.464729
-0.156883
0.180072
-0.306124
-0.609969
-0.204360
0.516034
-0.163002
-0.137414
0.040151
0.516034
-0.938226
0.581871
-0.074165
0.442275
-0.426035
-0.476177
0.294180
-0.110666
-0.158829
0.034138
-0.236581
-0.189663
0.620370
0.046253
0.428079
0.277718
-0.316790
-0.425644
0.107734
-0.664168
0.136664
-0.285422
-0.048326
0.234196
0.693736
-0.141262
-0.189050
0.054770
0.230024
0.316115
0.044150
0.239091
-0.424467
0.785750
0.168535
0.041238
0.021002
-0.613919
-0.058423
-0.060146
0.412008
-0.342720
-0.168970
0.037405
-0.845922
0.500976
0.325191
0.361688
0.325559
-0.580578
0.593565
-0.510723
-0.037285
0.343701
0.701873
-0.030381
0.422690
-0.536758
-0.210377
-0.432943
0.863059
-0.150143
0.127314
0.195222
-0.313665
-0.525265
0.263232
0.265531
-0.136831
-0.140587
0.809469
-0.130266
0.013835
0.009190
0.882700
0.022769
-0.032361
0.523001
0.346233
-0.306043
-0.273155
0.763315
-0.214923
-0.437072
0.561186
0.369752
0.380807
0.172362
0.082154
0.126210
0.108777
0.388383
0.041633
-0.218228
0.051298
0.421850
0.072167
-0.431296
-0.004582
0.130724
0.905608
-0.530588
0.315208
-0.450167
0.250256
-0.714580
-0.396160
0.064385
-0.343099
0.427850
-0.325124
0.190119
-0.066832
-0.626633
0.154328
-0.551928
-0.171205
-0.335043
-0.107555
0.201527
0.261432
0.231795
-0.782966
-0.174055
0.408944
-0.012477
0.613645
-0.420805
0.100812
-0.403484
0.152706
0.516545
0.357039
-0.620050
0.045155
-0.428419
-0.012285
-0.088319
0.390060
-0.785704
0.246362
0.298777
-0.273528
0.568040
-0.149879
-0.259781
0.367921
-0.022855
0.192523
-0.673345
0.796041
-0.585513
0.775497
-0.712361
0.186539
-0.138122
0.393034
-0.582889
0.760636
0.045676
0.131384
-0.684568
0.460559
-0.397529
0.119256
-0.207590
0.056474
0.591578
-0.532902
0.143478
-0.574422
0.476172
-0.535621
0.423304
0.216218
0.147063
-0.163571
0.214025
0.031862
0.325850
-0.215863
-0.261191
-0.261484
0.346966
0.653633
-0.023405
-0.160223
0.722325
-0.544303
-0.549316
0.407369
0.172906
-0.805506
-0.137795
0.336897
0.509215
-0.468199
0.291787
0.171994
0.196923
0.407908
0.396515
0.270475
0.895334
-0.221107
