-0.278107
-0.243673
-0.122525
0.694607
-0.324656
0.152358
-0.525388
-0.172302
-0.445562
0.533868
-0.438325
0.363807
0.821918
0.262017
-0.538048
-0.311191
0.191127
0.611523
-0.379253
0.115971
-0.224756
0.531405
0.524769
0.130575
-0.092840
-0.470648
0.192218
0.289912
-0.105007
0.099869
0.405242
0.768637
-0.256782
0.319091
0.580779
-0.133526
-0.852666
-0.133968
0.160182
0.810529
-0.251225
-0.662885
0.474719
0.533400
-0.242812
-0.042537
0.695899
-0.373386
-0.033154
-0.409682
0.502938
0.089699
-0.350177
-0.227895
0.657149
-0.055167
-0.234670
0.630082
-0.383398
0.868766
0.254973
0.183960
0.665576
-0.738474
0.191520
0.947022
-0.386890
0.394411
-0.309308
0.300475
0.513313
0.129935
-0.086903
0.352941
-0.749660
-0.134736
0.566267
-0.762431
0.717809
0.208793
-0.146673
-0.237502
-0.154646
-0.173550
0.589173
-0.401605
-0.236918
-0.230471
-0.056414
0.403256
-0.718481
-0.082832
-0.156875
0.928893
0.162122
-0.384326
-0.817913
0.153946
-0.843259
-0.193041
-0.873166
-0.149973
0.151901
-0.210022
0.082532
0.172993
0.373584
-0.206586
0.147603
0.115868
0.060977
-0.502667
0.509624
0.505380
0.261063
0.036215
0.918956
-0.217307
-0.385838
-0.720219
-0.198459
-0.096955
-0.043962
0.115008
0.444411
0.491285
0.065381
0.154889
0.709980
0.491469
0.171691
0.002723
0.474291
0.895549
0.127112
-0.133329
0.190743
0.118941
0.033062
0.342621
-0.028264
0.113610
0.389902
0.136354
0.084055
0.019672
0.272596
0.715046
-0.646231
-0.732677
0.370370
0.083661
-0.319039
-0.519406
0.163078
0.774261
0.620750
0.075351
-0.142681
0.009146
0.719666
0.804291
-0.277109
0.137838
0.872333
-0.380855
-0.355269
0.132959
-0.146185
-0.164273
0.331939
-0.251504
0.126226
-0.387722
-0.061163
-0.369958
0.174550
0.702197
-0.441005
-0.352322
-0.397362
-0.415891
-0.460947
-0.439879
0.875150
-0.088429
0.083582
0.292319
0.303838
-0.355095
0.340612
-0.698572
0.212424
-0.050361
-0.036069
-0.311392
0.250490
0.526186
-0.400223
0.708466
0.836483
-0.186246
0.017187
0.076468
0.629384
0.178820
0.124531
-0.529516
-0.483276
-0.070188
0.034225
-0.609961
-0.514279
0.464524
0.187533
0.117206
-0.334155
-0.507117
-0.245290
0.065471
0.108704
0.113886
0.024680
0.315482
0.255261
-0.227267
0.377496
-0.344527
0.532847
0.421108
-0.285912
-0.007699
0.287988
0.170146
0.183532
0.192975
0.597953
0.785487
0.740178
0.364209
-0.490357
0.227162
-0.011104
-0.090017
-0.590558
-0.068006
-0.263619
-0.706097
-0.087337
-0.402024
0.121488
0.300604
0.735150
0.124611
-0.081147
-0.132958
0.243277
0.483835
-0.731121
-0.494814
-0.613837
-0.327634
0.621124
-0.557317
0.436969
-0.659757
-0.394318
-0.068125
0.053277
0.097462
0.543106
-0.317334
-0.047445
0.037207
0.071672
-0.705472
-0.107756
-0.401512
-0.023778
-0.618692
0.378622
0.703578
0.164885
-0.598888
0.904201
-0.258594
0.247141
0.316885
-0.776285
-0.725376
0.417453
-0.044790
0.883421
0.205248
-0.815255
0.558104
-0.282415
0.446698
-0.032881
0.040399
-0.355908
-0.623617
-0.365770
-0.072140
0.208252
0.699348
-0.412796
-0.447722
-0.073955
0.229988
0.284649
-0.660279
0.001523
0.121730
0.405256
-0.019020
-0.126296
-0.037999
-0.532355
0.118796
0.309796
0.111354
-0.576928
0.254326
-0.302625
-0.131770
0.769757
-0.279409
0.771421
0.596686
0.607426
-0.554167
-0.356688
-0.516814
0.317647
0.583025
0.803217
0.642269
0.713061
0.512688
-0.086055
0.554668
0.645627
0.302834
0.056415
0.101776
0.854417
0.002039
-0.308647
-0.627884
-0.280946
0.100504
-0.370487
-0.702456
0.020491
-0.282120
0.220328
0.762761
-0.482062
0.336681
-0.312783
-0.698992
-0.050115
-0.251937
0.077036
-0.424143
0.474836
0.073385
0.330371
-0.221683
-0.132728
-0.654103
-0.368383
-0.196027
0.143145
0.853713
0.431505
0.330245
-0.549035
0.061307
-0.418036
0.239158
-0.062487
0.065100
0.118785
0.149059
0.424474
-0.468020
0.738024
-0.034422
-0.649114
-0.873804
0.322727
0.135639
0.341322
-0.316970
0.649322
0.275296
-0.419748
0.155532
-0.355317
0.111454
-0.095410
-0.052705
0.119798
-0.569509
-0.298728
0.360346
0.546430
0.116913
0.628706
0.494461
0.136447
0.598705
-0.584268
0.401675
0.349919
-0.566303
-0.056348
0.816901
0.158139
-0.261905
0.064663
0.172708
-0.873444
-0.051325
0.609778
-0.358009
-0.129003
-0.323817
0.104823
-0.103226
-0.413355
-0.587047
-0.576046
0.377672
0.513542
0.213177
-0.381295
-0.166106
-0.882787
-0.486631
-0.060342
-0.058739
-0.010623
-0.520645
-0.064579
-0.604311
0.756312
-0.435087
-0.060392
0.711249
-0.439344
-0.498067
0.253787
-0.085673
0.451682
0.075297
-0.475051
0.734177
-0.315878
-0.372927
0.005815
0.093894
0.453732
-0.554669
-0.136644
0.067099
0.260714
-0.598148
0.453282
-0.632174
0.715679
0.931221
0.132002
0.329052
-0.482445
-0.606071
-0.251921
-0.071472
0.696137
0.183983
0.221680
-0.647018
-0.471513
0.642845
-0.083515
-0.130512
-0.869762
0.019819
-0.126640
-0.271204
0.080110
-0.508589
0.317487
-0.354327
-0.562956
0.255769
0.572152
-0.516661
-0.654220
-0.418493
-0.165748
-0.768894
-0.456588
-0.492968
-0.233610
0.446177
-0.166058
0.265274
0.497230
-0.385160
-0.080403
0.208418
-0.475059
-0.942449
0.827250
0.092257
-0.003888
0.643201
0.045296
0.396944
0.317675
0.036122
-0.017858
-0.022445
-0.986775
0.362158
-0.239563
0.294909
-0.453066
0.084354
0.191197
0.251165
0.250114
-0.014540
0.234248
0.662355
0.892566
-0.296919
-0.311588
-0.041553
0.542459
-0.578503
-0.407643
0.214065
-0.455908
-0.073397
0.287617
-0.366893
0.200856
0.107749
-0.347981
-0.904090
0.192784
-0.695578
0.311769
-0.152046
-0.176036
0.431853
-0.177773
0.150938
0.182451
-0.200842
0.149249
0.546118
-0.077926
-0.060960
-0.234088
-0.521487
-0.614058
-0.652316
0.049615
0.086361
0.818790
-0.984087
0.116468
0.317195
0.608024
-0.739369
0.176471
0.010056
0.300652
0.320945
-0.055709
0.533867
0.271728
-0.300088
0.242337
-0.333857
-0.179604
-0.765239
-0.071975
0.581133
0.438433
0.269818
0.019236
-0.221060
-0.134299
-0.601843
0.371861
-0.369449
0.067209
0.092098
0.736897
-0.371168
0.000672
-0.206141
0.062993
0.004195
0.655568
-0.152581
-0.186123
0.448263
0.223957
-0.522406
-0.070262
0.713800
0.296640
0.177932
0.003138
0.091926
-0.010878
-0.390656
-0.595912
0.172023
-0.506942
-0.567659
-0.140531
0.041113
-0.356379
-0.027455
-0.327854
0.073353
-0.902315
-0.240924
0.821720
-0.469080
0.029539
0.044134
0.018646
-0.245559
-0.499678
-0.095603
-0.061423
-0.382094
-0.312841
0.419114
0.186852
0.070005
-0.354992
-0.525534
0.367899
0.178482
-0.364825
0.558737
0.523097
-0.288760
0.255604
-0.694952
0.773271
0.554998
0.562724
-0.227282
0.254714
-0.182104
0.503523
0.123296
0.185671
-0.519200
0.767156
-0.662080
0.405266
0.494224
-0.394459
-0.198842
0.281529
0.118689
-0.216946
0.704741
0.546924
0.609482
-0.095949
-0.460398
-0.238778
0.292824
-0.476800
-0.387896
0.032103
-0.052269
-0.303532
0.264368
0.137390
-0.259608
0.383114
-0.236557
-0.056061
0.303977
0.509663
-0.303831
0.456674
0.500863
0.269709
-0.638170
0.267411
0.305614
0.398871
-0.735474
-0.570668
-0.737914
-0.543269
-0.112444
0.491255
-0.117966
0.121964
0.160908
0.167250
0.567738
-0.406566
-0.261918
0.070328
-0.302248
-0.278156
-0.408343
-0.721294
-0.375624
-0.608159
0.212747
0.148531
-0.440789
0.051581
0.063661
0.029180
0.474804
-0.191416
0.146385
-0.291388
0.155984
0.266747
-0.423899
0.509569
-0.343368
0.503484
-0.410875
0.366605
-0.185595
0.072509
0.388418
-0.492825
0.106764
-0.221218
-0.045712
-0.752732
-0.252009
-0.539052
-0.047646
-0.655490
0.057892
0.521671
-0.761516
0.277992
-0.007085
0.008573
-0.276134
0.363747
-0.087466
0.722222
-0.342169
0.619552
-0.244833
-0.346206
0.401655
0.097977
0.188644
0.049644
0.367213
0.752653
0.217052
-0.181883
0.460599
0.030741
0.187642
-0.103771
-0.691370
-0.181019
-0.746953
0.860875
-0.007941
-0.356642
-0.081409
-0.088330
0.232221
-0.516786
-0.010685
0.212441
0.213973
-0.012452
-0.004126
-0.014134
-0.053579
-0.194050
-0.731989
0.051069
0.500318
-0.478121
0.410191
-0.512298
-0.492338
-0.115537
-0.097683
-0.817404
0.062853
0.899683
-0.264470
-0.100929
0.108554
-0.435427
-0.706910
0.313167
-0.787351
-0.431575
-0.402852
-0.329804
-0.122335
-0.101439
0.465291
-0.380769
0.093020
-0.091465
-0.282739
-0.218217
-0.312235
0.013887
0.776885
0.208883
-0.003385
-0.297102
-0.698772
-0.283386
-0.626615
-0.148930
-0.383796
-0.592566
-0.596502
0.071150
0.040199
0.949559
-0.371781
-0.058245
-0.029413
0.111334
0.425038
-0.475947
-0.500154
0.490739
0.434259
0.307699
-0.375532
0.598057
0.145972
0.642989
0.400046
0.144477
-0.429681
-0.406279
-0.096430
-0.104718
-0.042143
-0.384878
-0.656295
0.754341
-0.113677
0.930195
-0.167750
-0.354111
0.285841
-0.471906
0.597903
0.247835
-0.115867
-0.807890
-0.839084
-0.468173
0.349974
-0.574621
-0.170541
0.641633
0.355334
0.135261
0.415738
-0.306885
0.114838
0.002937
0.812001
-0.241220
0.818657
-0.922913
0.388854
-0.751838
-0.075487
-0.180328
-0.050285
0.126538
-0.916003
0.822279
0.339477
0.129499
0.018706
-0.606688
0.303076
0.690251
0.243171
-0.273550
0.121001
-0.440500
0.209844
-0.126547
-0.324738
0.144349
0.034321
0.088450
-0.088655
-0.147329
-0.174464
-0.046793
-0.174625
-0.096182
-0.283890
-0.226178
-0.495813
0.298852
0.005849
-0.266702
0.433832
-0.466949
-0.698366
-0.518870
0.380037
0.816089
-0.347407
0.012918
0.165692
0.458677
-0.255825
0.023517
-0.084674
0.053764
0.466503
0.328747
-0.409036
0.144061
0.136778
-0.203611
-0.577531
0.601291
0.712124
-0.451365
0.503170
-0.591360
-0.261851
-0.280136
-0.118672
-0.135638
0.187438
0.193859
0.484019
0.531539
-0.131209
0.060551
0.031981
-0.367106
0.374162
0.008112
0.205919
0.509710
0.304808
-0.007832
0.109394
0.194429
0.490476
0.283314
0.068844
-0.113160
0.452052
-0.228309
-0.859615
0.042396
0.494923
0.671411
-0.431370
-0.362546
0.360341
-0.453273
0.639945
0.032441
-0.165427
-0.462235
0.259954
-0.226883
0.074942
