-6.773059
-0.147377
-4.409888
-4.496456
-4.033283
-5.214556
-1.957553
1.471459
9.211777
1.661257
2.281559
4.038126
-1.163843
8.564738
-3.932024
-2.661787
1.060608
0.869703
1.286438
-0.180395
5.589467
-3.625031
-4.349980
-2.642683
1.591555
0.335755
6.700111
-3.701400
5.050878
-2.454185
-3.964414
-4.193636
1.177460
-2.480742
-3.909068
0.666767
1.347645
-0.724104
-1.303533
4.361248
5.884851
-7.765533
-2.603547
-1.644361
1.313544
2.451121
0.127841
1.260234
8.186454
-3.113016
5.363123
-2.257351
5.751724
-4.109852
-4.568245
-0.304069
5.045383
-2.209140
-4.498871
-3.204762
-0.131031
1.358564
-0.852796
-7.545444
2.947649
4.701427
4.931016
1.938774
-5.440935
-2.284862
-9.642253
-5.508631
-1.346536
-1.351887
-10.787176
-3.265811
3.222427
-4.789778
9.850421
-5.938796
-8.629243
-2.963953
-3.039803
0.470064
-4.277088
-3.351096
-3.818270
-1.247689
-4.336923
-1.952209
2.593541
0.968585
6.903594
1.174919
2.693614
1.615190
-3.842060
1.022170
-2.290874
4.091183
3.240166
-6.116170
4.285407
0.963293
-4.079219
-7.164732
-0.645262
-1.621718
2.999679
-1.602135
-4.605947
2.871314
-2.405264
-0.893868
7.094153
-0.444661
-2.492065
-0.484288
-0.539010
-3.916101
-4.190472
-1.049022
-3.521026
3.802481
-0.445515
-4.188318
1.561956
3.530427
-6.352409
-4.274744
2.908160
-2.094985
-1.857831
0.966849
-3.164524
0.552148
-8.528908
-3.097638
-4.315798
0.296243
3.410664
-3.154271
-4.537076
-0.616844
1.715278
-7.277331
1.130223
-4.392708
2.197372
4.120356
-4.744342
0.082349
-2.197312
-5.793888
2.200647
-0.707119
-1.335733
-1.239539
-0.169425
-2.379404
-2.262306
0.379269
0.690204
-1.236869
2.922789
-3.003965
4.504237
0.616536
-0.723050
-5.724546
-2.657545
-2.753078
-2.780879
1.889678
-6.628114
-3.175798
-0.834254
-1.237563
-3.440352
-1.775793
-3.966663
-1.380575
4.337980
3.682966
-5.011093
-3.150888
-1.442132
-0.181451
2.797571
3.821631
4.147535
1.751120
3.803863
-0.419968
0.270999
0.968826
-0.417589
2.869380
-10.104289
2.602560
-0.445655
2.062037
2.064391
1.195768
3.201789
1.807692
2.655967
-6.635777
1.835637
-6.323114
3.138210
-1.892321
2.601005
1.326771
-8.575670
-4.305380
-2.081539
5.228096
-1.192644
0.167135
0.991484
0.959224
3.325887
-3.375786
4.266775
3.973576
1.351165
1.295704
1.230695
-1.957639
4.427136
1.036390
2.552392
2.826129
3.709018
-3.137758
0.590008
-2.536284
-5.344160
-0.570977
-2.077600
2.127105
1.412026
-7.934639
-10.167449
1.868223
-9.453708
1.961763
-3.106163
5.214878
-0.187818
-6.000451
-4.599837
0.236704
-3.361541
4.450475
3.423143
-2.671912
3.268314
-1.739162
3.033603
1.724992
3.902550
4.068071
2.370012
4.490283
-1.669129
-2.253794
3.906837
-0.178143
7.049381
0.782343
-1.729413
1.137089
-2.073410
-3.176778
4.984677
1.775843
-6.534818
0.173718
-1.245709
0.101256
-0.244116
-4.949649
1.664356
-2.021434
1.418351
0.421046
-4.484612
6.285399
-4.304255
1.346090
0.239494
-3.306524
-0.887157
-4.034148
-0.268450
4.005575
1.959064
-1.233210
-0.618455
1.192921
-1.184583
-1.167047
-3.473319
4.089263
3.148932
5.988290
2.804532
4.819003
5.292499
0.097309
-1.283031
0.618258
-0.569930
1.492623
-7.702921
-7.516966
0.911232
3.921470
-2.396599
0.099808
1.271859
1.353531
-1.946390
-8.876773
-0.373959
-1.059062
0.203721
3.957282
-2.146164
0.909971
-6.410446
5.907351
3.773751
-0.135455
3.492439
2.888296
-0.701445
-5.880856
-4.683717
-2.760426
-1.421517
1.424295
-1.363790
2.213510
-3.337383
-4.824833
-0.479647
-0.319725
-2.016995
0.190661
2.738948
-2.291871
3.162023
5.470416
-2.971246
0.513841
6.880568
-3.632350
7.665999
3.421564
5.679530
2.592982
0.544296
0.653632
0.247038
-7.031336
0.181482
-4.234825
1.073259
-2.759955
-7.049146
-2.024970
-0.892861
-9.793442
-2.701717
2.042635
-7.286438
-0.181832
-7.529952
-0.497110
3.642137
-7.685129
-1.534939
-1.937970
1.051216
2.129837
2.131118
-0.521285
-1.067094
-0.993288
-3.580205
0.968905
1.380835
-1.391290
-2.504198
-5.590935
6.269965
2.342592
2.222650
3.574067
0.826168
0.316019
-3.224396
-5.443215
-3.601274
0.096473
1.804683
1.475254
-2.252678
-4.060053
-0.660890
0.211978
3.746040
-8.480206
-2.138805
2.451563
-1.067937
1.476366
-3.899543
1.187214
-0.316598
1.548026
0.955114
1.893939
0.090056
4.377174
-3.716624
-2.793425
0.336143
-1.216475
-1.710264
-2.548123
-2.288194
-2.066021
0.582508
8.207679
-8.580018
-1.077540
-3.023246
-0.531958
3.132683
-0.974413
-2.957477
-1.670731
-2.477229
-2.767717
1.837815
8.095331
-6.923735
4.057232
-1.186041
1.179629
3.938188
-2.645792
-2.944350
1.789655
3.745837
1.912031
-0.331666
-2.850587
0.475135
-4.986839
4.179342
-3.688981
-4.121217
1.515303
-5.787268
-4.781768
6.682586
3.341021
4.040352
1.914990
-3.161805
5.984611
2.401179
-8.095868
-4.837302
-2.527532
-7.090033
-3.556694
-0.270255
-1.740700
0.262538
-2.295750
-2.071284
-0.452161
-2.008248
-2.098035
2.817163
0.575002
-3.042301
-4.442836
-1.544404
6.990584
-4.695801
-7.488363
3.299905
-0.306947
-2.227356
-4.309158
-2.632459
-0.648439
1.112011
2.263554
-2.710133
-0.388468
2.544073
3.766128
-0.209884
-1.682088
-1.988287
-0.701689
6.761555
0.940523
0.332032
-1.823740
2.095895
-4.958923
1.991522
-3.707793
-1.140463
3.846805
-2.957769
1.498572
-3.270621
4.506716
0.220634
-4.566363
1.382065
3.107664
0.937094
-2.733400
-2.573998
-7.227738
-1.085023
2.459921
-7.684081
-4.933340
5.722587
4.921869
-1.233103
3.919611
2.742566
-4.261434
-2.969753
-0.879633
0.602409
6.242647
-6.098074
-0.396279
-1.217714
3.692191
-3.015368
-0.396201
1.817522
0.181102
6.563632
-2.642390
0.812507
-5.811747
-5.606713
-3.953189
-5.438283
3.206792
4.924598
-4.438633
2.480373
0.564749
4.449366
-6.077493
5.445230
6.061355
0.157742
-1.556029
2.561316
7.470297
-3.049848
-8.132630
-3.082316
0.145633
-8.359587
1.628758
4.996262
-3.497484
-1.953757
7.937644
-3.182126
4.459726
-1.430325
-5.894620
4.430445
0.958716
-9.485452
-1.747588
3.300136
1.519883
-1.765622
-2.359952
-2.544775
-2.180231
-0.170880
0.884059
0.669596
2.539057
2.549375
-0.278066
-0.526149
-3.769573
-0.666406
0.293076
-2.075620
-3.749555
-5.115481
2.091882
-4.291458
0.373863
0.941268
-3.000543
-0.716163
-0.538038
2.375048
7.201045
-6.152627
0.364309
-6.513600
0.259998
0.724541
-1.664415
-0.407913
2.623468
-13.201017
0.933007
-5.084663
9.909280
-0.564479
-2.123445
-2.965221
-0.155663
4.259871
0.310521
3.389999
-4.602935
3.485339
-3.723489
-0.435215
-3.085168
1.537609
8.055990
-1.777153
-3.412810
-1.123040
3.418454
-0.376061
-5.506931
2.252102
-6.519055
0.846463
1.221256
1.384833
6.886776
-0.162171
-7.219421
-2.959418
-7.375066
-5.806503
-3.708460
-3.826270
3.410932
6.478456
4.678516
-1.236359
-3.301335
-4.372489
-7.537428
-4.723160
-0.007289
1.247956
-3.751279
-5.216158
-5.657089
2.183718
4.195641
0.670594
1.050354
-5.220602
-1.876909
5.894868
4.434789
-9.243289
-3.191863
-7.024673
0.637368
-1.857393
-6.969604
-1.696413
4.571589
4.466791
0.052736
2.854368
3.343392
0.499325
-0.111236
-2.502445
2.516394
-7.915613
2.534402
0.388502
1.708674
-1.106663
-5.022048
-1.187880
5.436228
2.183049
-2.913469
-3.841454
-0.805120
-3.880523
1.979078
-1.938439
1.293880
-1.261844
-2.430092
-3.065258
8.217343
-9.769634
-4.897040
-0.635842
-6.201642
-6.213751
3.681453
3.775835
1.275172
-4.635972
3.252470
-7.450062
5.997578
-4.278058
-2.357936
-2.287305
7.853000
-4.909065
-0.926849
-3.277556
-4.921223
-0.095516
3.406718
0.497393
-6.873262
-6.712999
2.140061
7.834460
-1.494827
-0.092698
-7.566275
-7.082515
1.824670
0.690418
5.636719
-2.240321
5.112178
1.404356
4.235559
-1.744589
1.542890
-2.430706
1.868375
4.199575
-5.105228
-3.111247
-0.560793
8.296649
4.258495
-2.949053
-4.796295
1.786282
2.085294
5.853394
3.743118
-1.706396
1.214800
2.728409
1.451755
-7.292220
-3.583550
-2.613698
-2.592074
5.184026
-0.980352
-2.700313
-1.422519
0.033335
3.888071
-1.763949
-2.667977
-1.103581
-3.926693
1.635882
-2.928698
5.618054
4.122384
-0.672285
-3.636055
-0.839695
-1.983985
-1.466670
-1.867359
-1.878589
2.585026
-1.752856
-0.393153
-0.163922
2.574297
2.655468
0.839187
6.141509
2.906365
-1.866961
-0.223152
-1.318318
0.654112
2.181070
-4.620747
-1.211633
2.628952
2.947665
-3.095648
4.795931
-3.023933
-0.841032
1.685321
-3.080842
-0.833128
-2.827311
-1.230686
-4.613978
-1.911036
-0.115493
-4.956284
-1.635964
5.785766
0.530448
-2.127019
-2.940041
-5.458438
-3.531516
-2.499310
0.297184
0.394227
4.352473
3.490276
-0.075936
1.064442
-2.396076
-0.070458
-2.602513
-7.387905
-7.021000
-3.505209
-0.039045
-6.962656
2.504394
-3.878053
-0.263618
-3.697445
2.654146
-3.228222
4.095631
-8.928593
3.486429
-1.786419
-7.302513
-1.735818
-0.779774
0.474585
-1.630391
-2.528781
5.643475
-0.179982
3.440694
-1.515354
-0.700427
-0.090789
-0.857208
-6.006505
3.779031
3.580366
8.531913
2.211297
0.864306
0.404463
-2.291391
6.981937
-3.283814
5.254409
-0.280032
0.631238
-0.000591
0.227370
-3.942634
-1.533404
-1.322124
1.607947
-1.596686
-4.619296
-3.833630
-3.139715
-0.657981
-7.769713
-0.481577
-5.085713
0.129619
1.869945
-4.749382
-3.871325
5.415235
-2.486118
-0.422908
1.770015
1.046181
2.207459
3.238261
-9.370525
-2.031967
3.517765
3.467921
-2.534869
-0.884697
3.427222
0.725405
0.342393
2.042505
-3.558184
-1.365352
-3.626266
-1.112560
7.022778
-2.484886
4.815079
-2.142508
1.522334
-3.576178
-2.436554
-0.766458
7.250627
-5.746417
-2.428807
2.881827
1.075462
2.978174
4.231417
-4.515148
2.521766
-4.870033
-5.851099
-4.075245
-9.244778
-5.568288
-8.062589
0.827717
-3.306917
1.390081
2.200858
1.001119
4.471537
-1.193603
-3.299403
1.488985
6.186173
-2.388058
1.659453
3.565333
-2.911963
-5.943548
-1.848267
-2.028741
-3.591811
4.481153
4.165743
-8.689006
1.072237
-1.195915
-8.655255
3.012751
-2.837404
1.701032
-3.151102
3.478827
-2.121845
1.967996
-0.387831
-4.395187
-2.856040
-3.321814
-3.931234
-1.492349
1.734269
-0.933250
-3.161967
