0.9121177017234314
0.8841406536110618
0.2505608903416985
0.22409402702755532
0.4079622271104387
0.6143662026285964
0.6847064903874012
0.5437492863125674
0.6752842303532248
0.31623816554714046
0.6132699226048303
0.34713400869761835
0.07842852015418778
0.3559013628559322
0.8957711726503458
0.6077286604012364
0.17273451362038172
0.1400836092602349
0.7021990504984851
0.6761989675964788
0.3396193850592959
0.440197145650816
0.11233415545809777
0.7910929669997632
0.35855137443797425
0.6560620331570934
0.08087809908474874
0.7023209722483719
0.8193719175815052
0.7268322201538048
0.29918587445365796
0.10054980320312912
0.2818194827507424
0.32067247516482134
0.1462994368514824
0.9000793541758464
0.8825567032526017
0.9664504971653869
0.672435551801733
0.18814525053586106
0.48551007083164044
0.7900988916516963
0.23378914244558613
0.1041750675133698
0.32748048539541885
0.4768228468730702
0.25031062359813827
0.5581584871878257
0.8481552161312206
0.6160354894664062
0.03574925805302398
0.06741793439075427
0.8568537861404013
0.538696596316927
0.24976690916459443
0.12018493023716181
0.3072972189882054
0.36534045347805544
0.5738229903768224
0.12418953769599206
0.4413314382544574
0.5039807295827058
0.29287846600867395
0.7737456579524851
0.3374923129780927
0.024545230454564693
0.7608799568238959
0.06654089848961187
0.35691699741105376
0.604434464279622
0.20915384977906593
0.7365398604682871
0.8778056921103163
0.4447276373701313
0.9487333743144216
0.5088929335572172
0.4329028212646392
0.8584122278802453
0.05903249752983886
0.1249986253998534
0.6033148934406832
0.3754440360898198
0.31583097122417547
0.49260943212090214
0.31795503274928894
0.5042847691580113
0.9199798333345405
0.5732682844426452
0.8656510895236271
0.589782864795591
0.8927696629199611
0.8668173907300851
0.40514944000566666
0.020032448446218765
0.41254358498075416
0.4410572587654761
0.8829962866251395
0.5951356238910809
0.8660073946850766
0.5301384110241009
0.9522489744457461
0.5744168306572021
0.7000656353066818
0.5021262124772511
0.3021558553526835
0.3633734747285565
0.1302183757450991
0.42654001400159736
0.3681828578093421
0.8647362847947282
0.4752883827103249
0.7368143363626588
0.14486721963863558
0.26215957964367265
0.550899484102821
0.07174599247323321
0.005649225059305318
0.5453550348950954
0.4527296349518428
0.726098523756805
0.42853344152057626
0.1626248096388181
0.613425595525997
0.502636738858259
0.3016854875835564
0.35546213749746236
0.40226230470353974
0.7395029651823585
0.13850131853052483
0.39634003315068633
0.24850390748641282
0.18780433927506612
0.4799166771029064
0.012549383386065593
0.2351494334240668
0.7988136954745039
0.7773938420957516
0.7222483222817002
0.8541134245227096
0.5222001082062981
0.30739092528327105
0.4827515082732554
0.35268225146417964
0.231900806986575
0.6210991842905927
0.9507069707921939
0.549048882342128
0.08301154663775179
0.7375289680453988
0.7838537330819524
0.008109457426536126
0.051195996358103235
0.7081406366262352
0.5280477856408226
0.1183474582511218
0.2208694219188757
0.23513806574072538
0.8114019438001631
0.661600496046981
0.8361618068992487
0.0076261704017508425
0.04126110595094756
0.3991247647685999
0.03280344099653809
0.03042036954488192
0.5801947245857475
0.8503618193983676
0.10776648038556458
0.31514851132228683
0.3405130327714512
0.592273346160101
0.39827138648703597
0.46488409312323453
0.656869153520627
0.3701940758656669
0.9197215069925014
0.4658379597799305
0.20850913490666778
0.7009870151605393
0.765530688065426
0.9702007296136702
0.4797763738245012
0.7811940959864608
0.7491060567021678
0.0248127737420325
0.8023263628600359
0.8244768549286237
0.18319923563255736
0.39375040580813747
0.7374569259628223
0.43447729112302214
0.7459997567011861
0.09211947521353325
0.8100984193525433
0.5749220642033607
0.9642290816775169
0.34477781296397325
0.1128580199089696
0.8867286557284223
0.0026839402840224125
0.012153475949426285
0.6729051227431319
0.9731654038481232
0.5177734163178479
0.03713994214874483
0.6693801957169546
0.5422407276561468
0.9649519363274138
0.5549319294568287
0.6725460119230792
0.6953544522328166
0.8225500774253166
0.7939619330299201
0.13272664852506566
0.635374532230426
0.5257578361063049
0.8565924442701022
0.5131073249362821
0.762646287260931
0.31934886212908287
0.6117788535349955
0.4031997916203913
0.40151579246806357
0.22713456449881342
0.33162516138644027
0.2710796158122888
0.19690134508084212
0.962445771200481
0.23139485737860466
0.5452596459362379
0.36612827279560545
0.6193315222867807
0.06734514420556137
0.12389759242921072
0.5869931270882416
0.5232013199569109
0.2791079149788691
0.19103990522618963
0.22117122264407796
0.5744410695558063
0.7643002367332267
0.1324546474110584
0.4523496219994404
0.758209731640581
0.7819357299369506
0.45844673923350887
0.7424442592163563
0.8651132934062016
0.3975691703330446
0.7981403689901464
0.34249937017180865
0.1890060880207427
0.15724525790377386
0.4526193017685436
0.8988346053774425
0.15192745442893052
0.6452159057771919
0.2831933655636131
0.9416341452120726
0.6111149532029982
0.6905584084642988
0.6714390784585136
0.047516644961579035
0.6873735008573312
0.2907347963249516
0.7543132423415845
0.7252222054896805
0.7787338557874623
0.512475250175781
0.2661907601745197
0.36159113857709124
0.7714239203988009
0.06812308604480999
0.8054502188121524
0.1323286404191728
0.7939329761586261
0.9402059371267721
0.6682010335275174
0.35463318563071
0.9211880670207104
0.33820592104121716
0.27337144376117495
0.2955099714391267
0.7627506844908185
0.010218236257164559
0.6732378382756461
0.7285745584914751
0.209079393879262
0.777735908068129
0.7308999887515383
0.36619691639302776
0.37317619338630714
0.09373825742890662
0.7851410240532486
0.9849278128244185
0.1568913591953216
0.3595762752354439
0.12465065657690089
0.11667179857116705
0.6954942272167376
0.6264917987242986
0.7600077992658122
0.9502765304193996
0.2582280611066827
0.2539577668515043
0.061705044590374625
0.5320092117692271
0.6470058733923766
0.624622002521899
0.02156199267945691
0.5767031923465139
0.7145614055415827
0.3993379014595554
0.5973497948353927
0.3908425595538785
0.07347047433286047
0.6531053425246929
0.3211228433726797
0.8081942847605527
0.8001362425625126
0.3051524902622984
0.45858458867763874
0.8963913711098578
0.5045904537245455
0.6936346576240175
0.9823739851693486
0.08195559796295104
0.6133210884783621
0.17486716083129195
0.1812284872455312
0.30015324734515336
0.9118946444311476
0.5751816747170291
0.5771442852132095
0.6685417587349207
0.17751812925393795
0.14725067324626506
0.2307063047766732
0.037093484003671406
0.14168529453964818
0.978051035865704
0.05272781940365023
0.25753829252886573
0.3737010089169893
0.29998964115045823
0.3580662239828004
0.11481312447621028
0.8241560269215927
0.41967982523871583
0.788119792829278
0.3210801951066178
0.028517183044262207
0.6148489501523452
0.7740887157841777
0.5972667746887576
0.7763446487893157
0.2873525252833714
0.21501636375395128
0.6932724066488838
0.10405020274302357
0.8350773845742003
0.7858639963658438
0.5882664949283182
0.6768236119548859
0.7113308923814131
0.5619599894316406
0.30052268376148783
0.731186909339663
0.05048586276040179
0.9326731139782635
0.3588640867746241
0.935480077016939
0.4842406059879263
0.5720947254903699
0.23438203914869937
0.12719573111408422
0.3344331486070533
0.28407371393263336
0.9126585576196153
0.4314570820788264
0.8408486185368674
0.5935830631994136
0.2546914694697172
0.4744742010182713
0.1486098383254132
0.47532929124296475
0.08941878730938346
0.9627135510048265
0.12597652103044166
0.6406003887687575
0.8779547627800083
0.8757135813479326
0.6030338306718651
0.7651646877756911
0.5331643120445284
0.5886419567377182
0.04266578796225318
0.010810702880053924
0.9709546034651991
0.223083937788083
0.7165315896532187
0.4005623883639253
0.5202754491520927
0.8859333782704624
0.4598520494642583
0.8055738484939688
0.6079860401710581
0.01669112205972334
0.05503720559104952
0.07682850017266418
0.10270349462222028
0.00551923695814216
0.4618215957528673
0.014819177977192788
0.5853672985100246
0.26809115843128506
0.46855085844608424
0.8057050636100624
0.8669309161516612
0.11984175711319356
0.13702581243890732
0.732903943886255
0.27548836207142313
0.27132858164501406
0.9980489978150174
0.38780039192729876
0.20276174464468033
0.4560865757577499
0.6967401357468888
0.8506171762716059
0.5739853966588663
0.8885155020957801
0.5819758030558977
0.6864791881063284
0.6054286717069253
0.19079949096660342
0.19647824050563845
0.6316445346563176
0.9630135349636276
0.6304862334363028
0.938603811701066
0.5639539819504567
0.6175452595744765
0.7121915489921489
0.40105201402620794
0.7906277933848121
0.4394963703491588
0.9725304143583297
0.08980315186222265
0.5910380505539691
0.2560137061146066
0.05754288707959876
0.44654404594753705
0.5366121812018075
0.5476817138623981
0.2177203425535258
0.08203546988104349
0.11385463709950483
0.6094561911493839
0.05590729464933064
0.8829103530751934
0.4208737734527028
0.4312556769242498
0.07556265403280171
0.23360855508767175
0.5689293320708705
0.8095424157630031
0.8871556492923767
0.4143875771254022
0.7015327510604815
0.0688173867971621
0.9974162319882541
0.202212762161047
0.05293290203376799
0.24878928047489768
0.1834947547518384
0.51583018702243
0.8433443106815568
0.3307801963163354
0.21934356135861555
0.03524090590863849
0.0026074870902211833
0.4091823176251148
0.9958208448849444
0.6229968294496027
0.17207886803503325
0.48259280421923456
0.3611739005748926
0.9308534707512491
0.8617915345192533
0.5897009015582618
0.634181550966575
0.8904015054331678
0.8573122488265148
0.44720798330569356
0.3670590910229212
0.9316450103122158
0.2755937200357441
0.4220925412503337
0.545645682377148
0.7699544879561488
0.70058786396626
0.6054913240977257
0.9614154589774423
0.7412171019557174
0.9411938361582681
0.6707070482117544
0.20791431416530393
0.9956447644587976
0.40034154535481836
0.41536681550964594
0.7479123776203178
0.22230964723708857
0.13834033089833986
0.9027965168318481
0.9610205809251685
0.11737603912138916
0.3871041429959562
0.5763459421950462
0.1802200840590532
0.060940500866320746
0.41773081380811816
0.33771733483198074
0.23021454480323
0.09181877480865053
0.22904879145921797
0.9887080405039469
0.0739999411565998
0.7436913416953316
0.16503178162022814
0.7035778050409273
0.7065985371591431
0.5817941433840641
0.6939086105751482
0.48414604629458236
0.6685902578860026
0.11538007544217499
0.19316997112971956
0.012801934276152394
0.3344895843852176
0.9635638851183452
0.23918342523156688
0.2633533831008241
0.8498717347202346
0.7970933808050421
0.44443998630557213
0.9528138569398449
0.7963081566314747
0.09249351275187823
0.7820273845176592
0.21452792347902527
0.21427696225550164
0.39735743902963094
0.9068368107135154
0.28307765812903074
0.7527523396961432
0.19813991968605216
0.29767024589953983
0.18807035323469534
0.3789871818236932
0.9832794989462817
0.06057869264547999
0.5658429439416195
0.9700213836794047
0.724424283347589
0.024905532298360122
0.9235092606981128
0.9260215629610927
0.8457420421288105
0.542394985276504
0.9710766068654291
0.8625012081397399
0.5891846042532869
0.4390055862616652
0.09149075770023307
0.9962744041291425
0.7892846466472258
0.5647022489062731
0.31667905926389506
0.8323645731593052
0.48867176189175465
0.5920917763476848
0.4357784663881522
0.33642528612709965
0.7518149544425748
0.45942622850270665
0.44606943675157196
0.6069046028176188
0.6854599324177998
0.3915088673716489
0.829738874768329
0.9353557136293723
0.7829845273327187
0.16082120034503045
0.09802805974994977
0.42638492564472785
0.7839924661294561
0.9595664355880803
0.21529708663901637
0.938912281404108
0.2937501438207313
0.8890879865712449
0.2493261330113875
0.7823764746440939
0.2411195986530844
0.8025997853703767
0.009146498083634103
0.9868535050724205
0.8303336918700787
0.5782898205022264
0.3354650849415203
0.7341137476181825
0.6013265159399341
0.34096393159940463
0.03210563251213405
0.8070979109354384
0.2905125495839098
0.11179448145844251
0.14373917774104228
0.6562415920021121
0.38510196932453544
0.4261886624120679
0.9128239384928797
0.6634022263312239
0.7939689263537215
0.264185830969381
0.9957721340630314
0.7257400450135116
0.8646603236084855
0.7357701919605876
0.3795495957158206
0.2479024806942216
0.9344584787865253
0.6811893443653175
0.9734810709881551
0.8390799892218382
0.056080332243843234
0.6378461398516717
0.5336878085602396
0.6933786858900928
0.8549834794107388
0.46911421395079667
0.7812228892045041
0.48636623703174087
0.38581084522327547
0.49131269183814763
0.6623204371943321
0.23930536399446156
0.14546320477030572
0.8073812514438238
0.5811346280314347
0.6860612377693637
0.11007043482534318
0.7613418307266291
0.4227633507403068
0.37207669363148754
0.2767071747576685
0.621373705204406
0.7240625396179313
0.8189897324843856
0.18976108214094534
0.30969014208664436
0.26616961583149046
0.26883151234697356
0.12538036210670067
0.40972520133705215
0.28036107644116204
0.08159017122950785
0.5303934928635787
0.7584211562031296
0.037655815532010584
0.8054828451882359
0.021915667487907853
0.19787901620916393
0.8800559005116938
0.36476465971096905
0.3493751688934641
0.8276039665415073
0.2672221742437363
0.062196855715090815
0.42871075893273913
0.2808522082698617
0.28669559805535405
0.9796714249544357
0.7940408182555063
0.03272903124431181
0.8910074436510416
0.7259110795104939
0.023519457544773248
0.14435335703537833
0.4063867558521572
0.3506268827339246
0.4439606083623795
0.8221498246930057
0.02642678640165641
0.7827279980621515
0.9714562452722496
0.0442092449289585
0.012225617809470846
0.978156355626875
0.3100814610473107
0.12948033482379584
0.2835420516690651
0.6800776807218911
0.4568178205972775
0.6068823442526462
0.3680118897551665
0.9981322490006052
0.5876272516898272
0.7549808939411341
0.597693838446897
0.49988348875863053
0.4707769634002049
0.6111632601374298
0.24439796377128975
0.6662883378140116
0.06562805262918336
0.03363103131905987
0.7932462414261536
0.7239506464791194
0.6919500894597127
0.7737913344565117
0.7455318974032539
0.97939533495996
0.9363528478167706
0.6179441854699176
0.6365606317753735
0.6971924426891283
0.14492567098528064
0.5671174861682117
0.07666791674560725
0.42977149893757816
0.2818219469628528
0.38510230311053495
0.7353287664901673
0.44874171636024773
0.4367618808320177
0.7953334459002755
0.7165163005011125
0.6636116759467099
0.44050685861099204
0.40111236484861146
0.21712311968377707
0.8641542923553304
0.31551197668615916
0.35981511466873106
0.004699810564303575
0.13293587028746445
0.9416080324079347
0.7474541387111925
0.7381967878806948
0.9797204684880608
0.9512932286412169
0.3056716319718876
0.6925033113011564
0.4807748675771233
0.7780292013314267
0.453353222482034
0.007471041103333409
0.8511463518573261
0.4885003334280975
0.35639938959190554
0.3773760320342615
0.36002420709008776
0.25260789069036904
0.33561255476789476
0.18070558275738235
0.9749238079540046
0.21025758256606786
0.886319248392102
0.911425206624348
0.42770846569438836
0.5521449790129083
0.26190174175503866
0.3907191878966163
0.586233171463044
0.05065548000280817
0.1600847804021318
0.6248363181693726
0.2784029901261439
0.3435302832507362
0.24043105375470264
0.3426924654047947
0.7709236465935172
0.7961757577819644
0.7964524382424455
0.1260281214958885
0.7690967406336301
0.99628182865871
0.448703657435663
0.7972332581823066
0.12748874725654769
0.838003688565856
0.10467118577855761
0.4542549232837647
0.23331922564354068
0.2883167663118721
0.5895690446448367
0.5609032895768602
0.5202031906077563
0.48896056055626713
0.8565925343402903
0.8047626291409585
0.040442725834996196
0.6910955402444067
0.11192178614242032
0.6023461591706297
0.8922837549794409
0.9165704930068777
0.7309895991819088
0.8375060198711151
0.5123423474564821
0.024011467197031067
0.6596072029038883
0.8270253198840356
0.6259884710712055
0.5745122338163847
0.8969821443031525
0.3472475824437775
0.9149241066926818
0.4500851878284826
0.8830578222846036
0.3668080773534085
0.4124237604590657
0.12880218201744487
0.050059890804460605
0.752219822097301
0.29685555062258207
0.3729759077348277
0.46792028186377466
0.27503474892072144
0.9076957210329741
0.4785874846286172
0.060398598162740846
0.2768539177004826
0.5563488101760693
0.37361818508148625
0.968519081580027
0.8842539340310451
0.9953836586377452
0.6887017930954907
0.5913896783777703
0.6228916405669795
0.8840182086515652
0.6337301918991551
0.013503696615337346
0.028939382777240397
0.6986651899660382
0.9591268152417581
0.7430284517139316
0.61140958059923
0.38930952292416876
0.8380895023901883
0.559319024852741
0.04023914631548764
0.1826056117479843
0.46154757689689585
0.4304808242394802
0.27801810266918814
0.5055357203390222
0.09144813839935706
0.13258086547583747
0.7826054901398884
0.903407647444877
0.976268807443422
0.9549074410557844
0.29386011826572067
0.18286052589627966
0.4082142448188987
0.7686239639768555
0.1550629204412245
0.960698380641545
0.04597994606982203
0.32401237846201025
0.6868530595172305
0.26626309447382757
0.8236420069642405
0.2858592235437798
0.1684261099265595
0.3651222710931281
0.89662172391242
0.9317966185741366
0.7508893846876757
0.18350763209120968
0.6276987660987214
0.2691131721561715
0.16868596336822106
0.16213255388276837
0.054217644411182375
0.47416937113793234
0.5110871831958576
0.5976863280716792
0.944776951533877
0.14129215872080303
0.9906567425275539
0.10771306089880761
0.9934276144336821
0.11607382589198245
0.975513745362024
0.6678758481023426
0.7281418001492851
0.2658573970727661
0.7947153904943963
0.9344977601255725
0.10158271718765233
0.5933593046702139
0.40369964373090317
0.48331893461829234
0.6188931240318635
0.2780055930551091
0.1781971030427828
0.10270846038614279
0.8588341684447671
0.6144422901227002
0.6205675812172103
0.40947441225250125
0.6263791459646421
0.8179596173606807
0.1590422198533421
0.2317489769234361
0.888464846016306
0.4291532968948827
0.7913661794862332
0.2885832688584171
0.8474400839652954
0.9475680672329853
0.7806052205384206
0.3812368732046625
0.5020081275123358
0.9133742234042852
0.46707901478779434
0.6597212485977243
0.5231123632621488
0.33902318891472216
0.5113989941907775
0.706415703295177
0.7202085590029809
0.33418331718848937
0.01955289269767735
0.5418907004628265
0.9499345559769385
0.528469499995268
0.3344930720540903
0.6623681766020777
0.562966958923104
0.9929047264399242
0.2352835448716598
0.4367463106889602
0.27855560965942483
0.5133316725532586
0.7632300312932245
0.7974031523255617
0.8736905202503717
0.6724185485609022
0.2647194510276094
0.23259455000819496
0.7677098377848419
0.0632539410672287
0.9453475185837668
0.8650478706623623
0.7981317520446966
0.8125824623750609
0.9162194740366411
0.33312238488639234
0.6348118302535499
0.22586002596987043
0.3063354422109188
0.6024010192302867
0.8247740909564861
0.7437714728064785
0.46207684547014005
0.5126118885030114
0.06363402815959529
0.7807602230567586
0.0413206727110349
0.3464732846739732
0.7549672362016043
0.13003210952723843
0.5735481068907771
0.061000710549829695
0.01327492108719952
0.23264492707153905
0.8012142753510353
0.1955477194210069
0.8607997106445693
0.9778076241806776
0.4094506958534624
0.10382432505694317
0.205120335702896
0.6528129768127203
0.9232671881445121
0.5227048456785228
0.8962738267827918
0.27180536297200864
0.04612734687447351
0.6761973367970787
0.7215612484998526
0.6569550015754243
0.9780696315987342
0.6844990184696873
