0.6340107321256795
0.640467602948845
0.12803551877836916
0.9187013284489361
0.08330622040439595
0.7667241630935505
0.1593185438818414
0.37144729681194
0.22972254475050158
0.850106318720947
0.17494457084730286
0.7109411721275084
0.9003463506985275
0.6179181480254039
0.3577232859469569
0.2965373980633489
0.36386189524182877
0.7516070606460062
0.32294561658368404
0.7921703573296511
0.11486340460361977
0.9716022601366792
0.6371035943496108
0.9216682981723481
0.2657109853752331
0.1854141561037419
0.27309574137564263
0.992233361402155
0.7143649695835401
0.8267013641713168
0.7044273940546004
0.8691865776519258
0.02503766682086217
0.6397630958155341
0.7270782883700799
0.7665536429741987
0.029890828621936483
0.8324820866830828
0.8326174139838917
0.998674677851141
0.23428485690436962
0.12721359549662614
0.7085079648233713
0.6375751261603303
0.0846683487744313
0.4342859718657829
0.9462093810984116
0.18477217503838317
0.8150010604855464
0.2063538086819341
0.538687310645678
0.1571168963224142
0.5066766321877414
0.3108011140422623
0.9069163279192818
0.0650179337197957
0.0726272620763394
0.9954223502805809
0.19042494393985732
0.9929559869329329
0.6963044496770022
0.687940255150647
0.9584548928248176
0.0352720566275061
0.5290120236342472
0.9715674051184919
0.37399001606698257
0.46095159644351524
0.047608607767043565
0.9049090097908951
0.7224669188970991
0.866475120335077
0.7909030794306378
0.7976689978348288
0.19907330066600493
0.37415661756769325
0.9991696185972068
0.09598166046850831
0.7768418083149522
0.3337921200928988
0.45664183435721806
0.13794226340701687
0.16118503293882547
0.3190597950596328
0.9071279247053692
0.10267989354572671
0.6830618828184897
0.3427971092827289
0.8092368354273846
0.9930389509293216
0.1742883368921334
0.7839853542559246
0.24827474532150495
0.9489249968334171
0.5746660499123004
0.05673172484471589
0.06508364379853271
0.7490821126047594
0.02274800074370531
0.3370974844784017
0.07908340064995822
0.4244442260383492
0.8519662526905398
0.2921039844662562
0.3846882732897716
0.5363660373410318
0.5038028375879144
0.2199540065913309
0.5157859915453428
0.9806039362093844
0.5362656577133259
0.23414761956239194
0.6544916606658766
0.7675396264508224
0.8119621311700588
0.10796127277906087
0.9246053340470122
0.3280483333929949
0.06689137597091155
0.005879081832157351
0.2300747728124919
0.0656700122768561
0.5694633618983271
0.6176444598607805
0.7460961892206326
0.8467468544360501
0.46764296717581555
0.8943922467767187
0.8484813370624235
0.8878088066935022
0.42019520793249665
0.190527672891329
0.9542077966438844
0.9080984866460591
0.36226133827885065
0.6654843383797999
0.9681364170855651
0.841189415279537
0.8871755850233205
0.8648214348448963
0.27912690020904685
0.5963617216836263
0.7425845156565131
0.36825451460835956
0.7051541985922941
0.9703786462536497
0.8216445418276094
0.7980576349870121
0.09129798859645555
0.051177206173652845
0.3784795198882712
0.13485697418259313
0.3891014374009967
0.008641421286799233
0.281425346147524
0.9951304621201938
0.8558875674106028
0.8867530364435439
0.5189197782744577
0.8453080982657735
0.72729207960166
0.8455517322249876
0.12201600088959219
0.1706417964575332
0.9027533576214959
0.19933987972654998
0.495092344327955
0.2407255191342763
0.16896301407766667
0.17623959804676292
0.9242127884393244
0.14676706348281998
0.5911101593037061
0.26914675436102675
0.3090314058055599
0.5497637987583633
0.6403884389839454
0.9107064387200455
0.25998199813077216
0.41320837114093445
0.5728383090762981
0.06388548156185825
0.3202468634746376
0.3092274908930924
0.8999627523712895
0.7138977316965824
0.9080587889466314
0.47551817111064854
0.6975887400701056
0.3823614530910554
0.7750890752548848
0.04742777601873438
0.3045430112129558
0.7597377330224208
0.538852892933167
0.6528367304090901
0.5952678729650481
0.639044465197367
0.48650526730584387
0.7111504233078608
0.8486360215486792
0.4866588706575806
0.9903520270350269
0.5942410987372817
0.6665239607494813
0.8482000386394736
0.666771911270542
0.43543556922252935
0.07165623959006295
0.6023579554225527
0.7295798252833574
0.21258888772379658
0.27968303827000285
0.5972506875182203
0.8229078888340046
0.6429636285943124
0.5224372676513104
0.005990395210102251
0.5173562417467816
0.38482034868061643
0.720482841255007
0.5170854655273897
0.4261954562797401
0.542616882976182
0.586885877944964
0.04381269652032449
0.5743976083656517
0.6179184170467951
0.7642417626049758
0.9663679132857125
0.08021586497192323
0.6116323608435265
0.3553330922882991
0.2940438571526153
0.7705250803572755
0.7161761348496961
0.877061214042958
0.9765270209982232
0.9613491748245567
0.9386504951143303
0.27394349256480743
0.3596166927860901
0.44124571848957383
0.6681932236391678
0.1913775655373544
0.3904403186545383
0.4788257486506554
0.15901668151765813
0.31023172744033956
0.3961159393677438
0.4639876858687636
0.4896105383683942
0.8923949792684777
0.5772305426511086
0.8176877056528115
0.01896933338668738
0.8884930829293148
0.7670285519275185
0.21051299379282262
0.116301037011591
0.07672189991750888
0.3438048618296765
0.6686407587243136
0.13005634213940576
0.7277042170165183
0.09455583767863918
0.33090415276681495
0.7106083781945949
0.5657518270422391
0.3636529966145725
0.90469726357528
0.4540898941565792
0.02067779526515967
0.8426569141527068
0.20400031786748862
0.08846147146848327
0.8324501375653401
0.2666889628497039
0.3308552934427874
0.3024957722104581
0.7168283731083303
0.9769492975325457
0.46039516723921026
0.16386264252988225
0.9144195745933773
0.41464415417644707
0.97571591150149
0.5259642374183033
0.0014507761370577965
0.005523566531536406
0.7836498458379583
0.3283859666508959
0.9771588923117023
0.9903890413781923
0.1696723841768043
0.7149955811819219
0.07716128036129455
0.5713491490135371
0.0837908075994298
0.7358932347197327
0.270584232418543
0.1363907869202059
0.5845066452731361
0.18608833575829065
0.46220999792401085
0.7610529804589515
0.11921332608596724
0.19928401975549548
0.550666696928888
0.2515497403798983
0.8613521986773739
0.054282879472799084
0.4008613935266795
0.7190799363708011
0.796098335124455
0.05445004265584574
0.5268094118841155
0.2831237436327836
0.27583938436761557
0.9189322566470695
0.6149485564691607
0.5699380943408483
0.3194638209528148
0.758916226972923
0.391009406343119
0.8506041001420015
0.851712814587376
0.33391210329965026
0.9462880161270103
0.777914853501557
0.9075791501130926
0.3577279969898407
0.21849363049252313
0.060330453502188686
0.9861890332354845
0.7605427668115299
0.950467953144843
0.8729749710295687
0.7501545667767253
0.654373195406018
0.8919960706840604
0.607396097065674
0.9031653350440318
0.676535042560982
0.3564042336542227
0.45984259508125735
0.9692302900350123
0.8261953277387603
0.11103282870448239
0.16023534563482278
0.040133749264256724
0.12902160866751666
0.2443623311691474
0.0716331593117272
0.6177576730644245
0.49422440969988246
0.5076804402351438
0.977777517339606
0.21121030135750207
0.4407315559305517
0.5222939062698554
0.08687149784342707
0.538151362018826
0.42488699305788913
0.7883668747892096
0.13781726511095815
0.7753589702612592
0.8045719755782118
0.38085710775702186
0.7109898606597299
0.22613630778458838
0.28137729769212083
0.11585750677325246
0.37606773469100474
0.3775274731892253
0.9809091780144907
0.7659376775086513
0.6143189700397717
0.36362308084481443
0.49276387169927494
0.4228129370674636
0.8327411215555334
0.19220469436544252
0.5395738317823504
0.2673943743495719
0.6243882922548746
0.5138926082603843
0.494693061349733
0.8640010103031092
0.6061782167802856
0.22884074974540092
0.001909417389295509
0.9257609789609381
0.9008032372784678
0.8744865440294469
0.27167238620050793
0.6919882767345507
0.2861064687231647
0.5512068360416301
0.3786155114792641
0.3612150833653375
0.5120167200680299
0.42486532551388956
0.8332283074431697
0.5796504832057848
0.23606435755547195
0.30925798702224794
0.37703699263167945
0.6014672412181195
0.19374112797256682
0.7314098741583428
0.4999804163392293
0.5982683207681926
0.613523967079761
0.0010988909717050133
0.6697662952969152
0.8184700978366641
0.2394021450507412
0.8105831730043188
0.9367426621788769
0.29516457915085814
0.4709988389804711
0.3401514090127874
0.44403701962190134
0.12460533929706163
0.33647567919135735
0.8125393003951232
0.09807746190650157
0.5677367317394652
0.5267998088016075
0.6788084189497092
0.7852898998117681
0.16862119570164846
0.09943191648769478
0.02938230087804905
0.5684719315775976
0.7100203890380964
0.8448215528891647
0.5817184110169803
0.46438010315580747
0.05581686820857246
0.07732306420821178
0.5572029470391489
0.6534524800597526
0.39042872530667094
0.2699832868024873
0.37491726263779046
0.3682198026068716
0.8461151118331603
0.1559511497424496
0.19562130877969763
0.7687917095797834
0.007199592786499731
0.038545613359969866
0.8014685006395007
0.13204744088670772
0.5337172913494735
0.18915160693068778
0.13440520128336642
0.7900845422565578
0.5670324826843897
0.047946601616750795
0.43707114536586544
0.16945663869648409
0.687340550191295
0.014260407432779343
0.6728982088423734
0.9542545030997373
0.6751014530856526
0.10338506673391157
0.5220991045311686
0.3652426662755379
0.9178915563019366
0.9841541010667118
0.3807910076734976
0.5125467189305122
0.03338502947127542
0.23727318856238
0.07885962808411384
0.14787202175743064
0.731378265040274
0.18659068253492928
0.6308625440671434
0.3488033055102506
0.15148400577298504
0.814923902016043
0.39907825267607766
0.23066196182379006
0.06109149654864998
0.8816104324252465
0.46306132182893134
0.3629770741563858
0.9705115995482754
0.34872370245609197
0.7646954080169055
0.012732411700506208
0.3686893547821012
0.5313625586126572
0.9942441772336081
0.028985089856522706
0.11573447737909659
0.2820951735809978
0.4397435724730667
0.1925218935135513
0.28462934225945
0.44822632337479074
0.43709707422712185
0.6540916737538317
0.8295869732523968
0.6656152692558103
0.9125966224368967
0.3627523389531657
0.14190643337230735
0.3467579963653904
0.4277379445509413
0.01857109939006296
0.9446260079343949
0.47936109208000255
0.5724577624480807
0.8234207274214529
0.10623687348084909
0.8146747017902051
0.6553919032729955
0.26633700838946517
0.07396080313499243
0.20660343379479162
0.0019333773936388576
0.436158119523689
0.5041286621590849
0.45994105451836254
0.2505115821292604
0.7909526639802748
0.7729913533469461
0.9450738002581938
0.7342602405626891
0.6540505367646804
0.34962817923469436
0.8555248482473677
0.9053678391938985
0.03757055422380906
0.651975607694415
0.19763057584953347
0.8058120387111246
0.271368490710169
0.38945014150537527
0.658504651916065
0.4969058987919418
0.7229109829517743
0.38011042267024386
0.4151340906749835
0.4153839826387561
0.32202646074447716
0.04937598640231833
0.0027464111807811165
0.47586154850759643
0.057174078019554986
0.5099090025624825
0.14562382341982283
0.012034646228871848
0.8108398604049744
0.8055069935567233
0.21151654112348695
0.748294283577695
0.7691790029060834
0.8736727833909913
0.5710239899200735
0.8455835347579327
0.8650615578719805
0.6116536506523469
0.020908107024698475
0.3570187135557217
0.21018493697600027
0.6387994301603885
0.5253665773809477
0.9102803562019597
0.012187619081289403
0.9057524631414678
0.8818969995086521
0.9247027562846796
0.09299596828502443
0.6651432552437954
0.6021473410858521
0.7364307303554668
0.6573701112930542
0.6961060796892922
0.9932928537952601
0.7177971826471166
0.3068166713423004
0.9277965395438927
0.057652048324850824
0.6501347508818203
0.17011666137223214
0.7110093831342027
0.7419543656370048
0.5364612947131623
0.6962028554052542
0.8032283025480625
0.7385063218510137
0.08099777158747024
0.33706940295064447
0.6656110679980038
0.5196394483668889
0.3165354142165575
0.874474723467871
0.9780170819454667
0.43143159397145636
0.009818488623504762
0.7807121145427953
0.8933268069850211
0.5824847950371439
0.9910328813454071
0.5815322743654686
0.4152039225355788
0.7892273420782868
0.2560623251152139
0.2846916974785011
0.22025049453429035
0.825594737606116
0.44037938869220605
0.8341734302170805
0.3882401947185353
0.5181146276326213
0.9019459186721935
0.2727458308887515
0.1980573433669317
0.4362093169677542
0.4888301732200324
0.15808099163297473
0.7241297708394129
0.77688355466158
0.0231710854115178
0.22044769786082463
0.6066044235373281
0.7545428423178306
0.07116557479626073
0.5981563527702249
0.8778007842977573
0.16876589724569757
0.563226944732752
0.737512565762753
0.8736298879297595
0.22355509194136358
0.2815447952419703
0.39076353876903736
0.3243880240922954
0.10921887820235499
0.34947916964049264
0.6584191104435168
0.3323155811890801
0.877386690198316
0.22614263581461636
0.16052758191442873
0.47796959528106153
0.9398242101834531
0.05793831829019658
0.9308141082604828
0.7998041599424573
0.3326134686228748
0.9796665367543469
0.12403772370673227
0.9630324788697984
0.8646883367530274
0.8288938841040346
0.04154982458989109
0.3800944126914987
0.22762113012705243
0.7838845151310796
0.204886371661393
0.7160648694159584
0.23922085069764276
0.8048120740830113
0.1434032700118545
0.42718121582032553
0.6921025663725792
0.48559649314835496
0.16592274248667505
0.6309043428716428
0.9462926921017335
0.05027595272766572
0.7669376272909453
0.9756345288564757
0.8903341101846779
0.19074640630188544
0.519273881773014
0.5552625282986189
0.3255527456351638
0.4142071949949855
0.338015282655318
0.0556225814546053
0.09208440695886833
0.10285494478568047
0.614995187897971
0.5813508280587247
0.5625413701627118
0.4095402943302835
0.5461711274132866
0.915395317438379
0.3481858286039017
0.521888794782941
0.6743250769182143
0.7667554181858112
0.6303430450816924
0.5532512234433434
0.04190809744037338
0.7242284188728542
0.9124958820309234
0.7668828213989823
0.26265775586881357
0.01695954959708379
0.017067335221547242
0.054424555841409816
0.3874396394517373
0.9620319279496883
0.49319759470765123
0.36636167137217457
0.8271966862892755
0.23287787035742713
0.6013685512617681
0.38668032843652844
0.4620328634467675
0.7622783503146832
0.4715437576863437
0.4673755604783374
0.571052259404108
0.21505840232429851
0.24232008451507558
0.028401624684048166
0.9099398829636568
0.2934567879455299
0.12632882643649412
0.12824904053545705
0.4934329832548401
0.31100157354418334
0.8599063347204102
0.5439126171491031
0.5951269090741772
0.1453734734961919
0.9513170441669044
0.983263700901448
0.2397127417554158
0.9500758475011637
0.05774419685947596
0.7206071634598741
0.45327975501196316
0.6821167053389444
0.17422026776643962
0.07720896300384628
0.5213533865795674
0.44878350450480076
0.8542182401097385
0.5169788163583708
0.9340088889761845
0.19856171024517288
0.053662348268291304
0.15345179525427677
0.4331292519132741
0.12253916871325399
0.5112451999165635
0.5291418490164651
0.08963072959099216
0.7664925367300226
0.34931433174170845
0.3859490684038974
0.08388980352706621
0.6163544447752515
0.24814664751793036
0.9029273027509054
0.6327551808473035
0.8298098461419261
0.6414861205763159
0.5652190802966488
0.8293633330401788
0.6501222972621603
0.4505461888879433
0.4403632294861537
0.953446317593965
0.8033083075012218
0.37713638621425905
0.44295327757689573
0.7390022993477862
0.37427118181976615
0.42807291328847197
0.23892120373921855
0.07955399930604079
0.61515648565981
0.049499134763043795
0.986902976962937
0.7611557217348122
0.6396400462097301
0.3672947556574513
0.7089031107308267
0.35970970169857464
0.3212176737832316
0.09398662671677482
0.6666958046846191
0.44729250081809635
0.2758646439258886
0.585443414156084
0.5467688807971474
0.466624336289971
0.29491070293300925
0.12460353439361993
0.8558315517183545
0.5407609421561015
0.21297488686419863
0.5221131068183096
0.0900481887035458
0.3999456774678083
0.8010333838846531
0.6333064070140613
0.020101860785343373
0.5751955977163359
0.9236942537984011
0.39513682086230417
0.7260967627424675
0.7345425755750185
0.13908504157181878
0.19007228058134162
0.6604149941843998
0.1275729724775828
0.01850995166262903
0.4802056679706821
0.037003772347394825
0.29008845853303566
0.027363645515168233
0.5153504860330178
0.371450516249353
0.3898754090852945
0.2815107706640404
0.185181303764672
0.05681729618711573
0.5954603349735675
0.49247418885044725
0.8372833528901966
0.4857373388212459
0.5529637482973578
0.07651633350041187
0.26974746585297227
0.6008682982454943
0.36876843261862735
0.5397715622913166
0.20759318625709655
0.03032594221751128
0.28751605748059095
0.7048802872270632
0.0537031357285932
0.978498375752346
0.32688423833795
0.9008822270420123
0.7136158051158753
0.7227431861708888
0.8143471188866656
0.3621424526758389
0.05916468699245747
0.5309779853144563
0.61686481119517
0.7692464916550429
0.0549484349031224
0.8760755598419182
0.6515075952822519
0.7344374691567113
0.5326268904750675
0.9270828836292184
0.47372657281408204
0.5699901642188513
0.8584779245733518
0.18914163582888055
0.14071727210071783
0.02333581290418385
0.1123289817179004
0.9094043564481924
0.8470215718413855
0.976174987554673
0.15626221913868155
0.33274230308248354
0.5521036675709019
0.3517356117090763
0.8837622360544949
0.4162611102358942
0.24925495300632328
0.08873133412157375
0.09271274924088568
0.2827167011391212
0.5334814229879707
0.05307822146216645
0.09857214348307497
0.8103193449291572
0.517466635837455
0.18947822698042072
0.8899075554384291
0.20420191490683515
0.7125243020873575
0.9477135462953371
0.9532928276741599
0.7494371306601824
0.9263695815027513
0.07051485978124361
0.5049278778103181
0.22367609595176197
0.5923893268799486
0.5478138786904051
0.21557192168872663
0.9212538639010011
0.01849440371065758
0.9238619102760693
0.9328362859935013
0.5331982485240512
0.5020254017673828
0.012204832241642372
0.5810820841535566
0.8684477019077124
0.34587900440241426
0.5852841196084397
0.735443553645158
0.1800671795533414
0.6193186807919264
0.49983245388972497
0.49322206794337864
0.3033911804997599
0.2660699305464136
0.976914716115298
0.34049819343434173
0.6440368169566701
0.11411930692491479
0.8006468988070196
0.7729428395562922
0.6844228214309233
0.09734652843499958
0.2758303208690611
0.41756148886537137
0.7659306649239146
0.6655702149957589
0.25641052124887276
0.7728549572507101
0.04445002712046553
0.008049264594758299
0.20133880981362084
0.7142202564544127
0.8356414159153424
0.1944832664340148
0.9628524064452212
0.694161580949175
0.7931700449020472
0.4065427348715446
0.5864835992356087
0.908230369692677
0.2890478316534807
0.9032497485495845
0.6073025003379064
0.10429544844858829
0.9072905915734257
0.9341816071955034
0.6700799415792738
0.09488760659773743
0.8660102984124495
0.9447186610344351
0.31634501157699724
0.5664242643005246
0.3539874988648377
0.6031965667311646
0.5179954745896904
0.6939104254908569
0.7805812787207984
0.5205601030478579
0.8286708838444817
0.7098785411830042
0.8378746682666832
0.4711924136296265
0.885325342901818
0.7757523597651188
0.09497123772727101
0.8867739323414993
0.07174616370645315
0.9866791993957784
0.5510301856456501
0.6512813796543523
0.7471351034687833
0.23942597167332713
0.7679771543370219
0.551477168264897
0.2965887815666939
0.3014892830036727
0.6880538769002813
0.6475999661991415
0.6324908250894155
0.11819291403224275
0.45184713852646674
0.5987472894500973
0.8765316461768013
0.2214425773830182
0.5607211087279428
0.8830458602508315
0.4430010924717396
0.9117504449830228
0.07856876850033201
0.5107698583346051
0.2593266080274036
0.9169091807133891
0.7511865359058619
0.7594407958474579
